#first line: Z and A for the parent nucleus
# second line :(average neutron emission number)  (following lines X for this parent nucleus)  (average Q value for this fission in MeV)
#from third line:
#X lines  and each of which : daughter nucleus A and Z, Probability before neutron emission(you probably don't need), final Probability for this daughter nucleus to occur.
         98     254
                          4.487780000000001	532	217.32506
 70   29       0.000000           0.001000
 71   28       0.001000           0.001000
 71   29       0.001000           0.000000
 73   29       0.001000           0.001000
 76   30       0.001000           0.001000
 77   31       0.000000           0.001000
 78   31       0.001000           0.000000
 78   32       0.001000           0.003000
 79   31       0.001000           0.001000
 79   32       0.002000           0.003000
 80   31       0.003000           0.003000
 80   32       0.007000           0.006000
 80   33       0.000000           0.004000
 81   32       0.007000           0.012000
 81   33       0.005000           0.009000
 82   32       0.012000           0.011000
 82   33       0.007000           0.017000
 82   34       0.000000           0.004000
 83   32       0.007000           0.004000
 83   33       0.042000           0.044000
 83   34       0.008000           0.018000
 84   32       0.004000           0.002000
 84   33       0.031000           0.024000
 84   34       0.024000           0.071000
 84   35       0.000000           0.003000
 85   32       0.001000           0.000000
 85   33       0.022000           0.014000
 85   34       0.063000           0.094000
 85   35       0.006000           0.028000
 85   36       0.000000           0.001000
 86   33       0.008000           0.005000
 86   34       0.115000           0.119000
 86   35       0.023000           0.078000
 86   36       0.001000           0.006000
 87   33       0.003000           0.002000
 87   34       0.107000           0.071000
 87   35       0.103000           0.172000
 87   36       0.004000           0.032000
 88   33       0.001000           0.000000
 88   34       0.069000           0.034000
 88   35       0.172000           0.214000
 88   36       0.028000           0.130000
 88   37       0.001000           0.002000
 89   34       0.027000           0.009000
 89   35       0.244000           0.185000
 89   36       0.124000           0.342000
 89   37       0.002000           0.025000
 90   34       0.008000           0.001000
 90   35       0.155000           0.093000
 90   36       0.370000           0.496000
 90   37       0.015000           0.110000
 90   38       0.000000           0.002000
 91   35       0.095000           0.045000
 91   36       0.463000           0.416000
 91   37       0.112000           0.341000
 91   38       0.001000           0.026000
 92   35       0.023000           0.007000
 92   36       0.473000           0.325000
 92   37       0.312000           0.632000
 92   38       0.013000           0.106000
 93   35       0.005000           0.002000
 93   36       0.265000           0.103000
 93   37       0.651000           0.807000
 93   38       0.069000           0.391000
 93   39       0.000000           0.013000
 94   35       0.001000           0.000000
 94   36       0.126000           0.038000
 94   37       0.767999           0.545000
 94   38       0.325000           0.921000
 94   39       0.002000           0.055000
 94   40       0.000000           0.003000
 95   36       0.029000           0.007000
 95   37       0.605000           0.327000
 95   38       0.672000           1.074000
 95   39       0.036000           0.272000
 95   40       0.001000           0.006000
 96   36       0.014000           0.004000
 96   37       0.327000           0.124000
 96   38       1.219999           1.177000
 96   39       0.123000           0.664000
 96   40       0.001000           0.051000
 97   36       0.003000           0.000000
 97   37       0.136000           0.050000
 97   38       1.165999           0.710000
 97   39       0.561000           1.246000
 97   40       0.009000           0.210000
 97   41       0.000000           0.003000
 98   37       0.033000           0.007000
 98   38       0.891999           0.356000
 98   39       0.982999           1.325999
 98   40       0.103000           0.726000
 98   41       0.000000           0.014000
 99   37       0.008000           0.001000
 99   38       0.399000           0.114000
 99   39       1.630999           1.286000
 99   40       0.321000           1.198000
 99   41       0.002000           0.130000
 99   42       0.000000           0.002000
100   37       0.001000           0.000000
100   38       0.123000           0.028000
100   39       1.289999           0.723000
100   40       1.035999           1.949999
100   41       0.020000           0.351000
100   42       0.000000           0.014000
101   38       0.022000           0.003000
101   39       0.896999           0.330000
101   40       1.625999           1.863999
101   41       0.157000           0.979000
101   42       0.001000           0.047000
102   38       0.007000           0.001000
102   39       0.373000           0.076000
102   40       2.159998           1.416000
102   41       0.527000           1.769999
102   42       0.006000           0.296000
102   43       0.000000           0.004000
103   39       0.097000           0.020000
103   40       1.605999           0.563000
103   41       1.363999           2.386999
103   42       0.050000           0.813000
103   43       0.000000           0.031000
104   39       0.018000           0.001000
104   40       0.999999           0.226000
104   41       2.030998           1.838999
104   42       0.315000           1.978999
104   43       0.002000           0.136000
104   44       0.000000           0.003000
105   39       0.001000           0.000000
105   40       0.320000           0.048000
105   41       2.487998           1.224000
105   42       0.909999           2.501999
105   43       0.019000           0.533000
105   44       0.000000           0.016000
106   40       0.073000           0.008000
106   41       1.613999           0.467000
106   42       2.064999           2.761999
106   43       0.099000           1.254000
106   44       0.000000           0.121000
106   45       0.000000           0.001000
107   40       0.013000           0.001000
107   41       0.857999           0.157000
107   42       2.776998           1.733999
107   43       0.463000           2.404999
107   44       0.007000           0.383000
107   45       0.000000           0.006000
108   40       0.001000           0.000000
108   41       0.233000           0.024000
108   42       2.787998           0.965000
108   43       1.245999           2.639999
108   44       0.038000           1.089000
108   45       0.000000           0.029000
108   46       0.000000           0.001000
109   41       0.049000           0.004000
109   42       1.715999           0.268000
109   43       2.561998           2.453999
109   44       0.211000           1.866999
109   45       0.003000           0.185000
109   46       0.000000           0.001000
110   41       0.007000           0.001000
110   42       0.662000           0.088000
110   43       2.995998           1.376000
110   44       0.767999           2.797999
110   45       0.006000           0.575000
110   46       0.000000           0.028000
111   42       0.160000           0.011000
111   43       2.520998           0.641000
111   44       1.856999           2.421999
111   45       0.055000           1.429000
111   46       0.000000           0.133000
112   42       0.029000           0.000000
112   43       1.288999           0.184000
112   44       2.816998           1.911999
112   45       0.306000           1.977999
112   46       0.002000           0.429000
112   47       0.000000           0.007000
113   42       0.002000           0.001000
113   43       0.398000           0.033000
113   44       2.901998           0.825000
113   45       0.994999           2.614999
113   46       0.021000           0.981000
113   47       0.000000           0.045000
114   42       0.001000           0.000000
114   43       0.091000           0.006000
114   44       2.050998           0.370000
114   45       2.034999           1.991999
114   46       0.106000           1.900999
114   47       0.000000           0.171000
114   48       0.000000           0.004000
115   43       0.011000           0.000000
115   44       0.914999           0.084000
115   45       2.821998           1.259000
115   46       0.495000           2.086999
115   47       0.005000           0.519000
115   48       0.000000           0.019000
116   44       0.283000           0.019000
116   45       2.431998           0.452000
116   46       1.300999           2.060999
116   47       0.031000           0.954000
116   48       0.000000           0.087000
116   49       0.000000           0.001000
117   44       0.053000           0.003000
117   45       1.410999           0.163000
117   46       2.305998           1.178000
117   47       0.171000           1.419999
117   48       0.001000           0.212000
117   49       0.000000           0.002000
118   44       0.010000           0.000000
118   45       0.498000           0.036000
118   46       2.591998           0.647000
118   47       0.537000           1.324000
118   48       0.005000           0.432000
118   49       0.000000           0.020000
119   45       0.135000           0.003000
119   46       1.768999           0.183000
119   47       1.307999           0.936000
119   48       0.046000           0.572000
119   49       0.000000           0.050000
120   45       0.025000           0.002000
120   46       0.845999           0.050000
120   47       1.670999           0.467000
120   48       0.179000           0.665000
120   49       0.000000           0.084000
120   50       0.000000           0.003000
121   45       0.002000           0.000000
121   46       0.211000           0.007000
121   47       1.342999           0.210000
121   48       0.488000           0.431000
121   49       0.006000           0.143000
121   50       0.000000           0.006000
122   46       0.036000           0.004000
122   47       0.719000           0.044000
122   48       0.762999           0.261000
122   49       0.047000           0.157000
122   50       0.000000           0.026000
123   46       0.005000           0.000000
123   47       0.251000           0.016000
123   48       0.666000           0.098000
123   49       0.104000           0.112000
123   50       0.001000           0.020000
124   46       0.001000           0.000000
124   47       0.060000           0.000000
124   48       0.443000           0.027000
124   49       0.170000           0.065000
124   50       0.004000           0.016000
124   51       0.000000           0.001000
125   47       0.017000           0.000000
125   48       0.182000           0.014000
125   49       0.157000           0.023000
125   50       0.016000           0.013000
126   47       0.000000           0.001000
126   48       0.036000           0.027000
126   49       0.132000           0.051000
126   50       0.031000           0.016000
126   51       0.000000           0.001000
127   47       0.001000           0.000000
127   48       0.035000           0.024000
127   49       0.076000           0.149000
127   50       0.035000           0.070000
127   51       0.001000           0.003000
128   48       0.031000           0.020000
128   49       0.132000           0.166000
128   50       0.036000           0.284000
128   51       0.000000           0.023000
129   48       0.016000           0.003000
129   49       0.157000           0.134000
129   50       0.182000           0.483000
129   51       0.017000           0.127000
129   52       0.000000           0.003000
130   48       0.004000           0.000000
130   49       0.170000           0.103000
130   50       0.443000           0.731000
130   51       0.060000           0.362000
130   52       0.001000           0.027000
131   48       0.001000           0.000000
131   49       0.104000           0.042000
131   50       0.666000           0.682000
131   51       0.251000           1.007000
131   52       0.005000           0.142000
131   53       0.000000           0.002000
132   49       0.047000           0.006000
132   50       0.762999           0.430000
132   51       0.719000           1.628999
132   52       0.036000           0.697000
132   53       0.000000           0.019000
133   49       0.006000           0.000000
133   50       0.488000           0.089000
133   51       1.342999           1.740999
133   52       0.211000           1.653999
133   53       0.002000           0.112000
133   54       0.000000           0.001000
134   50       0.179000           0.024000
134   51       1.670999           0.828000
134   52       0.845999           2.970999
134   53       0.025000           0.523000
134   54       0.000000           0.020000
135   50       0.046000           0.003000
135   51       1.307999           0.292000
135   52       1.768999           2.060999
135   53       0.135000           1.831999
135   54       0.000000           0.134000
136   50       0.005000           0.000000
136   51       0.537000           0.088000
136   52       2.591998           1.378000
136   53       0.498000           2.427999
136   54       0.010000           0.668000
136   55       0.000000           0.009000
137   50       0.001000           0.000000
137   51       0.171000           0.012000
137   52       2.305998           0.546000
137   53       1.410999           2.759999
137   54       0.053000           1.442000
137   55       0.000000           0.059000
138   51       0.031000           0.000000
138   52       1.300999           0.183000
138   53       2.431998           1.672999
138   54       0.283000           2.536999
138   55       0.000000           0.273000
138   56       0.000000           0.006000
139   51       0.005000           0.000000
139   52       0.495000           0.026000
139   53       2.821998           0.974000
139   54       0.914999           2.669999
139   55       0.011000           0.873000
139   56       0.000000           0.027000
140   52       0.106000           0.003000
140   53       2.034999           0.309000
140   54       2.050998           2.421999
140   55       0.091000           1.675999
140   56       0.001000           0.167000
140   57       0.000000           0.001000
141   52       0.021000           0.000000
141   53       0.994999           0.083000
141   54       2.901998           1.260000
141   55       0.398000           2.655999
141   56       0.002000           0.550000
141   57       0.000000           0.007000
142   52       0.002000           0.000000
142   53       0.306000           0.010000
142   54       2.816998           0.573000
142   55       1.288999           2.749999
142   56       0.029000           1.465000
142   57       0.000000           0.057000
143   53       0.055000           0.000000
143   54       1.856999           0.139000
143   55       2.520998           1.992999
143   56       0.160000           2.303999
143   57       0.000000           0.253000
143   58       0.000000           0.006000
144   53       0.006000           0.000000
144   54       0.767999           0.040000
144   55       2.995998           0.929000
144   56       0.662000           2.855999
144   57       0.007000           0.746000
144   58       0.000000           0.047000
145   53       0.003000           0.000000
145   54       0.211000           0.006000
145   55       2.561998           0.384000
145   56       1.715999           2.088999
145   57       0.049000           1.450000
145   58       0.000000           0.164000
145   59       0.000000           0.003000
146   54       0.038000           0.000000
146   55       1.245999           0.077000
146   56       2.787998           1.313000
146   57       0.233000           1.992999
146   58       0.001000           0.492000
146   59       0.000000           0.013000
147   54       0.007000           0.000000
147   55       0.463000           0.014000
147   56       2.776998           0.503000
147   57       0.857999           2.134999
147   58       0.013000           1.012000
147   59       0.000000           0.055000
147   60       0.000000           0.001000
148   55       0.099000           0.004000
148   56       2.064999           0.169000
148   57       1.613999           1.459000
148   58       0.073000           1.739999
148   59       0.000000           0.209000
148   60       0.000000           0.008000
149   55       0.019000           0.000000
149   56       0.909999           0.026000
149   57       2.487998           0.848000
149   58       0.320000           1.731999
149   59       0.001000           0.519000
149   60       0.000000           0.028000
150   55       0.002000           0.000000
150   56       0.315000           0.006000
150   57       2.030998           0.301000
150   58       0.999999           1.569999
150   59       0.018000           1.026000
150   60       0.000000           0.136000
150   61       0.000000           0.001000
151   56       0.050000           0.001000
151   57       1.363999           0.086000
151   58       1.605999           0.929000
151   59       0.097000           1.321000
151   60       0.000000           0.389000
151   61       0.000000           0.012000
152   56       0.006000           0.000000
152   57       0.527000           0.012000
152   58       2.159998           0.425000
152   59       0.373000           1.315000
152   60       0.007000           0.739000
152   61       0.000000           0.041000
153   56       0.001000           0.000000
153   57       0.157000           0.002000
153   58       1.625999           0.123000
153   59       0.896999           0.879000
153   60       0.022000           1.017000
153   61       0.000000           0.153000
153   62       0.000000           0.004000
154   57       0.020000           0.000000
154   58       1.035999           0.026000
154   59       1.289999           0.440000
154   60       0.123000           1.066000
154   61       0.001000           0.325000
154   62       0.000000           0.021000
155   57       0.002000           0.000000
155   58       0.321000           0.004000
155   59       1.630999           0.188000
155   60       0.399000           0.789000
155   61       0.008000           0.575000
155   62       0.000000           0.074000
156   58       0.103000           0.000000
156   59       0.982999           0.039000
156   60       0.891999           0.481000
156   61       0.033000           0.645000
156   62       0.000000           0.175000
156   63       0.000000           0.001000
157   58       0.009000           0.000000
157   59       0.561000           0.005000
157   60       1.165999           0.176000
157   61       0.136000           0.558000
157   62       0.003000           0.319000
157   63       0.000000           0.015000
158   58       0.001000           0.000000
158   59       0.123000           0.000000
158   60       1.219999           0.061000
158   61       0.327000           0.385000
158   62       0.014000           0.370000
158   63       0.000000           0.049000
158   64       0.000000           0.001000
159   58       0.001000           0.000000
159   59       0.036000           0.000000
159   60       0.672000           0.012000
159   61       0.605000           0.183000
159   62       0.029000           0.388000
159   63       0.000000           0.086000
159   64       0.000000           0.004000
160   59       0.002000           0.000000
160   60       0.325000           0.006000
160   61       0.767999           0.079000
160   62       0.126000           0.286000
160   63       0.001000           0.157000
160   64       0.000000           0.012000
161   60       0.069000           0.000000
161   61       0.651000           0.012000
161   62       0.265000           0.168000
161   63       0.005000           0.199000
161   64       0.000000           0.036000
162   60       0.013000           0.000000
162   61       0.312000           0.001000
162   62       0.473000           0.074000
162   63       0.023000           0.159000
162   64       0.000000           0.092000
162   65       0.000000           0.002000
163   60       0.001000           0.000000
163   61       0.112000           0.001000
163   62       0.463000           0.017000
163   63       0.095000           0.096000
163   64       0.000000           0.088000
163   65       0.000000           0.004000
164   61       0.015000           0.000000
164   62       0.370000           0.003000
164   63       0.155000           0.044000
164   64       0.008000           0.100000
164   65       0.000000           0.012000
164   66       0.000000           0.001000
165   61       0.002000           0.000000
165   62       0.124000           0.001000
165   63       0.244000           0.018000
165   64       0.027000           0.056000
165   65       0.000000           0.027000
165   66       0.000000           0.001000
166   61       0.001000           0.000000
166   62       0.028000           0.000000
166   63       0.172000           0.001000
166   64       0.069000           0.020000
166   65       0.001000           0.033000
166   66       0.000000           0.005000
167   62       0.004000           0.000000
167   63       0.103000           0.002000
167   64       0.107000           0.009000
167   65       0.003000           0.024000
167   66       0.000000           0.005000
168   62       0.001000           0.000000
168   63       0.023000           0.000000
168   64       0.115000           0.003000
168   65       0.008000           0.011000
168   66       0.000000           0.010000
169   63       0.006000           0.000000
169   64       0.063000           0.000000
169   65       0.022000           0.004000
169   66       0.001000           0.011000
169   67       0.000000           0.001000
170   64       0.024000           0.000000
170   65       0.031000           0.002000
170   66       0.004000           0.003000
171   64       0.008000           0.000000
171   65       0.042000           0.000000
171   66       0.007000           0.002000
171   67       0.000000           0.002000
172   65       0.007000           0.000000
172   66       0.012000           0.003000
172   67       0.000000           0.001000
173   65       0.005000           0.000000
173   66       0.007000           0.000000
173   67       0.000000           0.001000
174   66       0.007000           0.000000
174   67       0.003000           0.000000
175   66       0.002000           0.000000
175   67       0.001000           0.000000
175   68       0.000000           0.001000
176   66       0.001000           0.000000
176   67       0.001000           0.000000
177   69       0.000000           0.001000
178   68       0.001000           0.000000
180   69       0.000000           0.001000
181   69       0.001000           0.000000
181   70       0.000000           0.001000
183   69       0.001000           0.000000
183   70       0.001000           0.000000
