52
0.057  0.1170
0.122  0.0001
0.140  0.0008
0.198  0.0000
0.232  0.0205
0.273  0.0000
0.293  0.4280
0.338  0.0000
0.351  0.0323
0.358  0.0000
0.371  0.0003
0.390  0.0004
0.417  0.0001
0.433  0.0016
0.438  0.0000
0.446  0.0001
0.447  0.0006
0.490  0.0216
0.498  0.0004
0.523  0.0000
0.557  0.0003
0.570  0.0001
0.587  0.0027
0.595  0.0000
0.614  0.0001
0.665  0.0569
0.670  0.0001
0.675  0.0000
0.683  0.0001
0.710  0.0001
0.722  0.0539
0.730  0.0000
0.768  0.0000
0.787  0.0000
0.791  0.0001
0.806  0.0003
0.810  0.0003
0.880  0.0103
0.891  0.0001
0.907  0.0000
0.938  0.0003
0.957  0.0000
1.003  0.0008
1.014  0.0000
1.031  0.0002
1.047  0.0001
1.060  0.0004
1.103  0.0042
1.161  0.0000
1.324  0.0000
1.340  0.0000
1.382  0.0000
