50
0.079  0.0650
0.091  0.0002
0.132  0.0001
0.143  0.0010
0.182  0.0280
0.186  0.0000
0.197  0.0001
0.267  0.0000
0.279  0.0000
0.286  0.0001
0.294  0.0001
0.322  0.0000
0.348  0.0002
0.359  0.0001
0.400  0.0012
0.423  0.0002
0.431  0.0001
0.436  0.0025
0.490  0.0041
0.528  0.0013
0.545  0.0001
0.566  0.0004
0.723  0.0000
0.747  0.0000
0.858  0.0014
0.912  0.0142
0.964  0.0034
1.003  0.0002
1.026  0.0001
1.039  0.0014
1.076  0.0079
1.094  0.0600
1.118  0.0005
1.120  0.0024
1.155  0.0016
1.206  0.0015
1.216  0.0004
1.289  0.0050
1.348  0.0017
1.387  0.0560
1.398  0.0079
1.402  0.0014
1.440  0.0002
1.466  0.0450
1.470  0.0187
1.477  0.0029
1.530  0.0510
1.584  0.0058
1.608  0.0410
1.622  0.0007
