39
0.496  0.0010
0.558  0.2040
0.576  0.0177
0.651  0.0088
0.708  0.0008
0.725  0.0004
0.743  0.0003
0.747  0.0001
0.806  0.0049
0.811  0.0035
1.005  0.0004
1.189  0.0022
1.210  0.0039
1.219  0.0004
1.283  0.0017
1.301  0.0131
1.364  0.0047
1.397  0.0010
1.426  0.0015
1.490  0.0020
1.660  0.0073
1.803  0.0007
1.843  0.0010
1.843  0.0006
1.903  0.0006
1.958  0.0008
1.996  0.0122
2.079  0.0010
2.103  0.0010
2.137  0.0014
2.394  0.0007
2.456  0.0037
2.608  0.0014
2.703  0.0005
2.757  0.0006
2.792  0.0011
2.800  0.0005
2.943  0.0014
3.213  0.0009
