73
0.066  0.0530
0.092  0.0730
0.097  0.1700
0.123  0.0119
0.162  0.0370
0.162  0.0190
0.172  0.0129
0.190  0.0187
0.238  0.0116
0.247  0.0051
0.255  0.0102
0.286  0.0204
0.286  0.0100
0.303  0.0310
0.314  0.0014
0.325  0.0204
0.334  0.0037
0.352  0.0170
0.361  0.0048
0.379  0.0410
0.379  0.0200
0.408  0.0068
0.418  0.0430
0.478  0.0139
0.481  0.0012
0.493  0.0204
0.533  0.0204
0.544  0.0490
0.544  0.0250
0.572  0.0153
0.572  0.0080
0.579  0.0102
0.591  0.0019
0.599  0.0204
0.668  0.0034
0.684  0.0060
0.684  0.0119
0.701  0.0051
0.731  0.0136
0.734  0.0068
0.784  0.0010
0.845  0.0017
1.110  0.0119
1.234  0.0037
1.334  0.0080
1.434  0.0134
1.534  0.0270
1.634  0.0160
1.734  0.0054
1.934  0.0750
1.969  0.0017
2.022  0.0037
2.034  0.0430
2.052  0.0015
2.134  0.0139
2.234  0.0139
2.334  0.0210
2.434  0.0800
2.501  0.0012
2.534  0.0620
2.603  0.0540
2.703  0.0540
2.803  0.0400
2.903  0.0300
3.003  0.0260
3.103  0.0210
3.203  0.0160
3.303  0.0117
3.403  0.0107
3.503  0.0083
3.603  0.0065
3.703  0.0032
3.803  0.0015
