219
0.109  0.4400
0.215  0.0105
0.384  0.0007
0.398  0.0157
0.401  0.0021
0.412  0.0235
0.447  0.0165
0.451  0.0005
0.470  0.0007
0.475  0.0091
0.481  0.0124
0.489  0.0043
0.502  0.0160
0.507  0.1910
0.542  0.0006
0.546  0.0041
0.556  0.0194
0.569  0.0020
0.588  0.0090
0.613  0.0770
0.630  0.0222
0.662  0.0128
0.671  0.0070
0.680  0.0012
0.712  0.0022
0.722  0.0066
0.749  0.0057
0.761  0.0104
0.766  0.0005
0.772  0.0035
0.780  0.0010
0.785  0.0047
0.798  0.0024
0.802  0.0012
0.807  0.0057
0.814  0.0013
0.818  0.0046
0.822  0.0040
0.826  0.0041
0.847  0.0011
0.859  0.0026
0.875  0.0127
0.880  0.0013
0.894  0.0017
0.895  0.0029
0.900  0.0016
0.953  0.0033
0.956  0.0032
0.992  0.0013
0.995  0.0080
1.009  0.0019
1.025  0.0290
1.028  0.0065
1.042  0.0022
1.059  0.0027
1.069  0.0009
1.086  0.0012
1.092  0.0034
1.102  0.0076
1.109  0.0720
1.130  0.0011
1.137  0.0104
1.159  0.0010
1.178  0.0129
1.195  0.0026
1.199  0.0010
1.202  0.0012
1.216  0.0066
1.227  0.0012
1.231  0.0005
1.247  0.0017
1.268  0.0067
1.277  0.0021
1.281  0.0062
1.293  0.0049
1.304  0.0125
1.311  0.0044
1.316  0.0059
1.324  0.0055
1.327  0.0013
1.338  0.0017
1.354  0.0060
1.356  0.0075
1.360  0.0022
1.365  0.0023
1.369  0.0033
1.387  0.0055
1.393  0.0055
1.402  0.0023
1.420  0.0084
1.426  0.0010
1.439  0.0036
1.457  0.0035
1.459  0.0028
1.468  0.0016
1.475  0.0009
1.480  0.0054
1.501  0.0070
1.502  0.0480
1.506  0.0083
1.518  0.0009
1.525  0.0016
1.528  0.0091
1.537  0.0033
1.548  0.0037
1.555  0.0061
1.557  0.0048
1.564  0.0017
1.578  0.0010
1.584  0.0038
1.589  0.0011
1.614  0.0104
1.627  0.0033
1.633  0.0014
1.650  0.0017
1.659  0.0010
1.667  0.0079
1.667  0.0027
1.676  0.0038
1.681  0.0017
1.698  0.0015
1.710  0.0024
1.725  0.0019
1.728  0.0050
1.742  0.0080
1.753  0.0019
1.779  0.0082
1.783  0.0038
1.789  0.0041
1.823  0.0030
1.827  0.0020
1.835  0.0013
1.843  0.0013
1.857  0.0008
1.866  0.0017
1.872  0.0019
1.875  0.0047
1.880  0.0024
1.884  0.0010
1.914  0.0007
1.965  0.0067
1.983  0.0017
1.995  0.0004
2.004  0.0004
2.039  0.0039
2.057  0.0042
2.072  0.0031
2.087  0.0017
2.140  0.0071
2.196  0.0035
2.243  0.0017
2.251  0.0014
2.269  0.0023
2.281  0.0015
2.323  0.0011
2.377  0.0036
2.382  0.0022
2.392  0.0011
2.395  0.0013
2.414  0.0034
2.425  0.0015
2.447  0.0025
2.451  0.0068
2.458  0.0035
2.473  0.0041
2.480  0.0021
2.484  0.0278
2.496  0.0069
2.539  0.0017
2.551  0.0018
2.556  0.0010
2.558  0.0017
2.559  0.0035
2.586  0.0010
2.593  0.0054
2.607  0.0024
2.620  0.0067
2.628  0.0017
2.643  0.0020
2.663  0.0009
2.687  0.0009
2.732  0.0024
2.736  0.0148
2.753  0.0074
2.769  0.0021
2.810  0.0012
2.812  0.0027
2.845  0.0033
2.855  0.0040
2.871  0.0085
2.893  0.0040
2.904  0.0007
2.920  0.0027
2.927  0.0009
2.931  0.0020
2.967  0.0013
2.982  0.0131
3.002  0.0026
3.005  0.0011
3.041  0.0013
3.044  0.0005
3.057  0.0087
3.097  0.0037
3.110  0.0036
3.114  0.0213
3.181  0.0011
3.265  0.0006
3.325  0.0022
3.394  0.0028
3.403  0.0016
3.436  0.0010
3.490  0.0007
3.578  0.0011
3.705  0.0007
3.910  0.0005
3.974  0.0005
4.129  0.0005
4.200  0.0007
4.437  0.0007
