80
0.028  0.0196
0.028  0.0003
0.122  0.0020
0.166  0.0310
0.169  0.0000
0.196  0.2600
0.241  0.0025
0.268  0.0003
0.312  0.0011
0.335  0.0014
0.350  0.0002
0.362  0.0225
0.363  0.0005
0.391  0.0064
0.391  0.0008
0.422  0.0001
0.472  0.0073
0.500  0.0010
0.517  0.0004
0.571  0.0006
0.573  0.0007
0.579  0.0002
0.666  0.0009
0.677  0.0024
0.731  0.0004
0.741  0.0004
0.774  0.0010
0.779  0.0010
0.788  0.0053
0.790  0.0013
0.799  0.0003
0.822  0.0009
0.835  0.1300
0.850  0.0017
0.862  0.0067
0.880  0.0002
0.883  0.0004
0.945  0.0029
0.950  0.0004
0.962  0.0008
0.986  0.0131
0.990  0.0014
1.040  0.0048
1.049  0.0014
1.091  0.0006
1.141  0.0128
1.180  0.0100
1.185  0.0069
1.210  0.0014
1.213  0.0014
1.245  0.0036
1.251  0.0112
1.299  0.0009
1.303  0.0007
1.325  0.0016
1.336  0.0007
1.352  0.0016
1.369  0.0148
1.407  0.0022
1.465  0.0011
1.518  0.0215
1.530  0.1090
1.604  0.0046
1.661  0.0009
1.686  0.0066
1.793  0.0004
1.893  0.0014
1.909  0.0010
2.030  0.0453
2.035  0.0374
2.187  0.0029
2.196  0.1320
2.232  0.0339
2.260  0.0003
2.352  0.0073
2.365  0.0003
2.392  0.3460
2.409  0.0010
2.548  0.0062
2.771  0.0015
