50
0.009  0.0052
0.017  0.0028
0.018  0.0009
0.026  0.1374
0.043  0.0006
0.044  0.0000
0.053  0.0048
0.059  0.0047
0.064  0.0002
0.069  0.0001
0.073  0.0026
0.073  0.0001
0.078  0.0000
0.081  0.0090
0.082  0.0042
0.084  0.0680
0.090  0.0102
0.093  0.0005
0.099  0.0014
0.102  0.0045
0.106  0.0001
0.107  0.0002
0.116  0.0000
0.117  0.0002
0.125  0.0006
0.134  0.0003
0.136  0.0008
0.137  0.0000
0.141  0.0000
0.145  0.0001
0.146  0.0003
0.163  0.0016
0.165  0.0000
0.170  0.0000
0.174  0.0002
0.183  0.0003
0.189  0.0000
0.218  0.0004
0.236  0.0001
0.240  0.0000
0.243  0.0000
0.250  0.0000
0.250  0.0000
0.268  0.0000
0.274  0.0000
0.309  0.0000
0.311  0.0000
0.318  0.0000
0.320  0.0000
0.352  0.0000
