54
0.396  0.0029
0.432  0.0164
0.555  0.0050
0.569  0.0020
0.580  0.0023
0.632  0.0026
0.954  0.1580
1.002  0.0021
1.048  0.0092
1.174  0.0062
1.214  0.0004
1.226  0.0009
1.294  0.0024
1.310  0.0013
1.324  0.0490
1.357  0.0052
1.408  0.0014
1.418  0.0044
1.512  0.0028
1.527  0.0005
1.618  0.0147
1.631  0.0009
1.635  0.0013
1.683  0.0029
1.683  0.0029
1.721  0.0032
1.806  0.0141
1.833  0.0013
1.855  0.0022
1.893  0.0065
1.904  0.0033
1.925  0.0060
1.940  0.0239
1.956  0.0042
1.968  0.0010
2.127  0.0009
2.176  0.0700
2.252  0.0013
2.254  0.0047
2.296  0.0107
2.373  0.0080
2.497  0.0007
2.622  0.0023
2.632  0.0480
2.731  0.0009
2.747  0.0015
3.129  0.0058
3.249  0.0090
3.451  0.0067
3.576  0.0640
3.685  0.0003
3.887  0.0002
3.926  0.0002
4.070  0.0005
