96
0.106  0.0045
0.107  0.0004
0.121  0.0350
0.122  0.3500
0.181  0.0004
0.221  0.0004
0.228  0.0013
0.234  0.0265
0.242  0.0990
0.249  0.0137
0.305  0.0006
0.309  0.0014
0.356  0.0011
0.386  0.0013
0.393  0.0002
0.397  0.0005
0.419  0.0032
0.430  0.0015
0.433  0.0131
0.434  0.0010
0.465  0.0007
0.470  0.0024
0.493  0.0121
0.499  0.0015
0.508  0.0006
0.539  0.3080
0.554  0.0510
0.565  0.0021
0.569  0.0060
0.577  0.0006
0.586  0.0005
0.614  0.0021
0.619  0.0108
0.621  0.0004
0.626  0.0028
0.661  0.0033
0.678  0.0038
0.691  0.0040
0.705  0.0013
0.731  0.0149
0.739  0.0002
0.746  0.0006
0.925  0.0022
0.942  0.0134
0.948  0.0006
0.967  0.0021
0.980  0.0019
1.031  0.0006
1.039  0.0042
1.104  0.0034
1.119  0.3900
1.166  0.0083
1.240  0.0035
1.294  0.0006
1.303  0.0009
1.341  0.0016
1.387  0.0020
1.424  0.0294
1.461  0.0007
1.466  0.0025
1.530  0.0004
1.538  0.0970
1.552  0.0220
1.620  0.0015
1.658  0.0133
1.693  0.0008
1.695  0.0001
1.751  0.0006
1.780  0.0670
1.819  0.0007
1.885  0.0023
1.900  0.0019
1.981  0.0017
2.006  0.0012
2.128  0.0138
2.150  0.0028
2.161  0.0003
2.191  0.0011
2.206  0.0004
2.353  0.0009
2.417  0.0019
2.421  0.0005
2.433  0.0015
2.469  0.0047
2.479  0.0004
2.498  0.0002
2.727  0.0087
2.771  0.0006
2.855  0.0032
2.866  0.0019
2.949  0.0004
3.010  0.0003
3.205  0.0004
3.217  0.0001
3.269  0.0007
3.344  0.0011
