137
0.167  0.0063
0.168  0.1840
0.260  0.0740
0.286  0.0027
0.332  0.0035
0.343  0.0007
0.346  0.0328
0.377  0.0148
0.407  0.0043
0.425  0.0026
0.428  0.0015
0.433  0.0148
0.441  0.0020
0.446  0.0236
0.482  0.0114
0.484  0.0167
0.487  0.0012
0.518  0.0013
0.542  0.0073
0.546  0.0039
0.560  0.0020
0.572  0.0021
0.587  0.0045
0.590  0.6800
0.594  0.0112
0.596  0.0133
0.611  0.0109
0.631  0.0020
0.634  0.0011
0.651  0.0019
0.659  0.0042
0.664  0.0165
0.688  0.0067
0.690  0.0101
0.692  0.0022
0.710  0.2180
0.717  0.0029
0.718  0.0150
0.765  0.0003
0.771  0.0116
0.776  0.0027
0.783  0.0022
0.785  0.0008
0.789  0.0077
0.791  0.0026
0.795  0.0023
0.835  0.0167
0.858  0.0073
0.876  0.2450
0.888  0.2210
0.901  0.0069
0.910  0.0082
0.923  0.0033
0.928  0.0064
0.931  0.0041
0.953  0.0011
0.992  0.0012
1.032  0.0010
1.036  0.0020
1.041  0.0320
1.046  0.0010
1.051  0.0003
1.055  0.0035
1.064  0.0037
1.078  0.0024
1.094  0.0176
1.105  0.0015
1.117  0.0007
1.122  0.0400
1.137  0.0020
1.181  0.0024
1.196  0.0098
1.215  0.0250
1.239  0.0012
1.243  0.0080
1.249  0.0007
1.261  0.0008
1.266  0.0112
1.269  0.0710
1.278  0.0087
1.309  0.0040
1.321  0.0261
1.325  0.0005
1.330  0.0007
1.333  0.0050
1.335  0.0068
1.379  0.0035
1.387  0.0350
1.434  0.0090
1.439  0.0050
1.466  0.0010
1.470  0.0052
1.483  0.0010
1.492  0.0055
1.506  0.0005
1.512  0.0006
1.520  0.0032
1.539  0.0010
1.543  0.0004
1.552  0.0102
1.634  0.0145
1.642  0.0004
1.648  0.0089
1.669  0.0016
1.685  0.0071
1.694  0.0258
1.699  0.0330
1.707  0.0111
1.742  0.0009
1.765  0.0107
1.775  0.0016
1.787  0.0008
1.811  0.0141
1.816  0.0023
1.894  0.0012
1.908  0.0018
1.929  0.0117
1.945  0.0056
1.972  0.0003
1.981  0.0004
1.985  0.0008
2.011  0.0012
2.064  0.0063
2.109  0.0009
2.129  0.0010
2.179  0.0029
2.230  0.0155
2.296  0.0074
2.365  0.0158
2.416  0.0011
2.544  0.0303
2.574  0.0013
2.586  0.0003
2.689  0.0213
2.996  0.0002
3.007  0.0012
3.117  0.0007
