206
0.005  0.0006
0.026  0.0097
0.035  0.0001
0.060  0.0002
0.061  0.0001
0.063  0.0021
0.065  0.0189
0.066  0.0115
0.070  0.0047
0.076  0.0020
0.089  0.0001
0.092  0.0001
0.093  0.0003
0.098  0.0036
0.099  0.0006
0.100  0.0254
0.101  0.0001
0.102  0.0128
0.103  0.0003
0.105  0.0350
0.110  0.0009
0.113  0.0001
0.122  0.0009
0.125  0.0001
0.125  0.0001
0.130  0.0007
0.134  0.0002
0.135  0.0000
0.138  0.0004
0.139  0.0003
0.139  0.0050
0.143  0.0021
0.143  0.0001
0.148  0.0015
0.148  0.0005
0.155  0.0003
0.156  0.0015
0.163  0.0088
0.164  0.0155
0.168  0.0830
0.168  0.0092
0.177  0.0086
0.177  0.0380
0.187  0.0018
0.193  0.0001
0.196  0.0003
0.202  0.0088
0.204  0.0013
0.206  0.0001
0.207  0.0004
0.207  0.0001
0.209  0.0173
0.215  0.0001
0.227  0.0034
0.228  0.0005
0.229  0.0002
0.232  0.0103
0.233  0.0009
0.236  0.0009
0.237  0.0016
0.237  0.0019
0.237  0.0052
0.240  0.0380
0.247  0.0002
0.248  0.0003
0.251  0.0001
0.254  0.0017
0.258  0.0056
0.261  0.0001
0.271  0.0007
0.275  0.0680
0.278  0.0006
0.278  0.0001
0.280  0.0023
0.285  0.0000
0.291  0.0083
0.292  0.0001
0.295  0.0001
0.295  0.0002
0.298  0.0004
0.302  0.0001
0.302  0.0003
0.303  0.0003
0.307  0.0024
0.309  0.0008
0.311  0.0002
0.311  0.0004
0.315  0.0006
0.315  0.0001
0.322  0.0010
0.324  0.0122
0.325  0.0001
0.326  0.0011
0.329  0.0001
0.330  0.0022
0.340  0.2250
0.341  0.0007
0.345  0.0212
0.346  0.0004
0.349  0.0001
0.350  0.0014
0.352  0.0002
0.353  0.0011
0.358  0.0001
0.361  0.0001
0.369  0.0002
0.374  0.0002
0.377  0.0002
0.379  0.0001
0.380  0.0095
0.381  0.0002
0.391  0.0005
0.396  0.0004
0.399  0.0003
0.401  0.0001
0.405  0.0007
0.407  0.0019
0.411  0.0006
0.416  0.0002
0.421  0.0006
0.425  0.0005
0.426  0.0001
0.427  0.0006
0.429  0.0002
0.441  0.0151
0.444  0.0002
0.446  0.0400
0.449  0.0002
0.451  0.0029
0.452  0.0001
0.454  0.0001
0.456  0.0004
0.458  0.0000
0.462  0.0004
0.467  0.0001
0.471  0.0002
0.471  0.0002
0.471  0.0001
0.478  0.0009
0.490  0.0013
0.495  0.0001
0.495  0.0001
0.507  0.0005
0.516  0.0019
0.521  0.0003
0.532  0.0003
0.538  0.0004
0.551  0.0002
0.554  0.0002
0.562  0.0002
0.565  0.0035
0.573  0.0005
0.573  0.0003
0.575  0.0012
0.575  0.0000
0.585  0.0001
0.594  0.0001
0.598  0.0008
0.598  0.0001
0.603  0.0001
0.604  0.0001
0.606  0.0001
0.621  0.0007
0.636  0.0142
0.654  0.0024
0.662  0.0002
0.663  0.0009
0.668  0.0000
0.669  0.0036
0.669  0.0029
0.671  0.0090
0.678  0.0004
0.704  0.0034
0.709  0.0014
0.712  0.0009
0.713  0.0001
0.718  0.0410
0.719  0.0001
0.736  0.0047
0.741  0.0002
0.753  0.0128
0.755  0.0001
0.759  0.0001
0.769  0.0011
0.773  0.0090
0.785  0.0022
0.796  0.0006
0.808  0.0056
0.812  0.0007
0.818  0.0017
0.818  0.0009
0.822  0.0003
0.849  0.0028
0.856  0.0001
0.860  0.0001
0.878  0.0010
0.884  0.0004
0.888  0.0000
0.894  0.0000
0.899  0.0002
0.926  0.0000
0.949  0.0035
0.953  0.0010
0.960  0.0006
0.964  0.0000
1.012  0.0000
