93
0.115  0.0550
0.147  0.0022
0.178  0.0330
0.293  0.0234
0.315  0.3210
0.346  0.0051
0.353  0.1990
0.362  0.0388
0.369  0.0559
0.369  0.0048
0.372  0.0331
0.372  0.0016
0.415  0.0064
0.430  0.0408
0.436  0.0196
0.439  0.0074
0.441  0.0087
0.444  0.0020
0.501  0.0930
0.550  0.0186
0.583  0.0093
0.603  0.0173
0.606  0.0106
0.620  0.0071
0.636  0.0064
0.666  0.0067
0.691  0.0045
0.701  0.0051
0.718  0.0173
0.726  0.0202
0.727  0.0051
0.733  0.0055
0.740  0.0058
0.744  0.0026
0.749  0.0026
0.766  0.0013
0.785  0.0186
0.801  0.0161
0.804  0.0064
0.817  0.0401
0.838  0.0039
0.856  0.0161
0.862  0.0087
0.865  0.0096
0.890  0.0026
0.892  0.0022
0.900  0.0029
0.944  0.0032
1.002  0.0064
1.011  0.0042
1.064  0.0109
1.086  0.0013
1.097  0.0022
1.127  0.0013
1.157  0.0356
1.171  0.0228
1.196  0.0670
1.208  0.0048
1.263  0.0035
1.332  0.0161
1.371  0.0135
1.425  0.0029
1.443  0.0067
1.510  0.0590
1.539  0.0058
1.685  0.0016
1.771  0.0042
1.809  0.0032
1.812  0.0103
1.812  0.0064
1.820  0.0067
1.827  0.0019
1.861  0.0096
1.889  0.0026
1.936  0.0096
1.989  0.0020
2.018  0.0045
2.080  0.0067
2.091  0.0032
2.129  0.0016
2.156  0.0015
2.166  0.0042
2.204  0.0161
2.217  0.0011
2.323  0.0032
2.484  0.0045
2.518  0.0074
2.577  0.0019
2.646  0.0016
2.676  0.0008
2.734  0.0026
2.825  0.0019
2.881  0.0161
