224
0.230  0.0054
0.264  0.0020
0.422  0.0320
0.462  0.0043
0.530  0.0130
0.532  0.0540
0.556  0.0005
0.610  0.0060
0.612  0.0024
0.618  0.0012
0.636  0.0016
0.652  0.0110
0.681  0.0038
0.699  0.0014
0.714  0.0019
0.725  0.0008
0.738  0.0047
0.824  0.0012
0.831  0.0130
0.854  0.0010
0.854  0.0005
0.874  0.0039
0.893  0.0040
0.896  0.0013
0.921  0.0052
0.941  0.0015
0.944  0.0140
0.953  0.0074
0.955  0.0036
1.021  0.0130
1.038  0.0029
1.043  0.0012
1.044  0.0006
1.079  0.0010
1.095  0.0009
1.100  0.0010
1.127  0.0009
1.146  0.0016
1.146  0.0015
1.213  0.0019
1.286  0.0022
1.292  0.0011
1.311  0.0016
1.330  0.0014
1.338  0.0074
1.345  0.0021
1.349  0.0045
1.355  0.0010
1.356  0.0007
1.361  0.0340
1.376  0.0010
1.390  0.0011
1.415  0.0150
1.420  0.2200
1.443  0.0014
1.449  0.0110
1.476  0.0790
1.493  0.0034
1.578  0.0600
1.607  0.0140
1.640  0.0018
1.640  0.0018
1.660  0.0021
1.686  0.0019
1.768  0.0056
1.798  0.0060
1.837  0.0140
1.840  0.0038
1.869  0.0013
1.881  0.0190
1.882  0.0060
1.935  0.0022
1.958  0.0016
1.966  0.0022
2.006  0.0530
2.072  0.0230
2.123  0.0120
2.126  0.0019
2.143  0.0025
2.169  0.0055
2.192  0.0031
2.226  0.0015
2.258  0.0015
2.300  0.0031
2.345  0.0037
2.345  0.0012
2.369  0.0056
2.372  0.0100
2.398  0.0045
2.412  0.0013
2.446  0.0012
2.452  0.0067
2.455  0.0030
2.463  0.0029
2.499  0.0057
2.510  0.0017
2.519  0.0130
2.524  0.0031
2.547  0.0038
2.575  0.0058
2.603  0.0041
2.639  0.0043
2.639  0.0012
2.642  0.0059
2.663  0.0034
2.694  0.0041
2.705  0.0170
2.715  0.0019
2.754  0.0024
2.821  0.0180
2.829  0.0020
2.836  0.0140
2.869  0.0024
2.890  0.0010
2.907  0.0040
2.943  0.0008
2.997  0.0230
3.004  0.0012
3.017  0.0027
3.027  0.0130
3.048  0.0010
3.067  0.0013
3.081  0.0017
3.091  0.0009
3.092  0.0023
3.133  0.0025
3.143  0.0016
3.167  0.0031
3.176  0.0130
3.218  0.0033
3.226  0.0011
3.236  0.0013
3.248  0.0040
3.257  0.0032
3.281  0.0033
3.315  0.0011
3.362  0.0011
3.381  0.0013
3.383  0.0015
3.435  0.0023
3.445  0.0010
3.461  0.0028
3.498  0.0026
3.542  0.0044
3.599  0.0011
3.657  0.0010
3.689  0.0018
3.794  0.0074
3.805  0.0017
3.809  0.0076
3.861  0.0026
3.910  0.0013
3.917  0.0200
4.027  0.0009
4.136  0.0026
4.181  0.0400
4.192  0.0008
4.204  0.0023
4.223  0.0008
4.265  0.0011
4.297  0.0053
4.327  0.0027
4.524  0.0029
4.534  0.0007
4.548  0.0012
4.572  0.0088
4.596  0.0022
4.621  0.0044
4.645  0.0082
4.663  0.0042
4.670  0.0028
4.710  0.0039
4.728  0.0005
4.734  0.0024
4.753  0.0032
4.770  0.0026
4.784  0.0180
4.808  0.0015
4.825  0.0014
4.836  0.0022
4.872  0.0045
4.889  0.0008
4.918  0.0013
4.926  0.0018
4.962  0.0200
4.976  0.0007
5.003  0.0005
5.022  0.0016
5.034  0.0005
5.045  0.0044
5.060  0.0028
5.076  0.0019
5.089  0.0009
5.103  0.0043
5.120  0.0053
5.136  0.0016
5.155  0.0004
5.183  0.0018
5.195  0.0053
5.201  0.0055
5.214  0.0021
5.245  0.0018
5.282  0.0001
5.340  0.0014
5.370  0.0014
5.383  0.0015
5.406  0.0021
5.420  0.0005
5.424  0.0003
5.440  0.0001
5.455  0.0019
5.474  0.0038
5.546  0.0003
5.562  0.0002
5.595  0.0006
5.606  0.0005
5.635  0.0004
5.649  0.0001
5.660  0.0003
5.672  0.0004
5.685  0.0011
5.699  0.0002
5.715  0.0001
5.793  0.0001
