474
0.017  0.0001
0.032  0.0045
0.058  0.0037
0.064  0.0004
0.069  0.0126
0.081  0.0024
0.085  0.0205
0.086  0.0005
0.090  0.0153
0.094  0.0002
0.098  0.0001
0.100  0.0004
0.102  0.0049
0.105  0.0004
0.112  0.0012
0.114  0.0009
0.117  0.3900
0.126  0.0002
0.139  0.0700
0.150  0.0029
0.159  0.0009
0.164  0.0002
0.166  0.0006
0.168  0.0010
0.169  0.0007
0.171  0.0040
0.171  0.0287
0.171  0.0015
0.175  0.0630
0.176  0.0028
0.183  0.0045
0.197  0.0021
0.200  0.0027
0.206  0.0004
0.208  0.0004
0.211  0.0007
0.222  0.0005
0.230  0.0003
0.233  0.0003
0.239  0.0048
0.240  0.0037
0.249  0.0033
0.252  0.0013
0.256  0.1480
0.264  0.0078
0.269  0.0016
0.271  0.0032
0.276  0.0023
0.285  0.0004
0.292  0.0006
0.297  0.0001
0.301  0.0182
0.302  0.0006
0.310  0.0003
0.313  0.0024
0.317  0.0005
0.320  0.0061
0.321  0.0020
0.324  0.0001
0.325  0.0048
0.326  0.0003
0.333  0.0069
0.335  0.0005
0.337  0.0004
0.342  0.0006
0.345  0.0004
0.347  0.0040
0.357  0.0039
0.363  0.0002
0.365  0.0008
0.367  0.0003
0.374  0.0003
0.374  0.0008
0.378  0.0006
0.380  0.0003
0.383  0.0002
0.391  0.0005
0.392  0.0001
0.395  0.0003
0.402  0.0025
0.408  0.0051
0.414  0.0004
0.415  0.0017
0.415  0.0003
0.418  0.0005
0.422  0.0013
0.423  0.0037
0.424  0.0590
0.424  0.0011
0.426  0.0039
0.427  0.0011
0.428  0.0019
0.430  0.0003
0.436  0.0001
0.439  0.0032
0.445  0.0001
0.446  0.0010
0.447  0.0019
0.449  0.0003
0.455  0.0004
0.457  0.0007
0.460  0.0001
0.461  0.0096
0.466  0.0002
0.479  0.0001
0.482  0.0006
0.487  0.0007
0.488  0.0011
0.491  0.0010
0.492  0.0010
0.498  0.0001
0.504  0.0001
0.508  0.0008
0.516  0.0007
0.518  0.0005
0.524  0.0051
0.528  0.0003
0.532  0.0012
0.541  0.0004
0.542  0.0051
0.545  0.0006
0.550  0.0061
0.551  0.0001
0.563  0.0021
0.573  0.0002
0.577  0.0036
0.580  0.0002
0.585  0.0130
0.590  0.0029
0.592  0.0002
0.597  0.0043
0.598  0.0021
0.601  0.0003
0.602  0.0004
0.606  0.0002
0.612  0.0007
0.616  0.0002
0.619  0.0033
0.621  0.0003
0.626  0.0003
0.630  0.0015
0.634  0.0003
0.639  0.0002
0.643  0.0007
0.648  0.0001
0.651  0.0001
0.655  0.0004
0.659  0.0073
0.665  0.0009
0.668  0.0003
0.670  0.0033
0.673  0.0009
0.677  0.0005
0.678  0.0238
0.682  0.0003
0.688  0.0002
0.696  0.0003
0.703  0.0002
0.706  0.0008
0.709  0.0001
0.716  0.0004
0.720  0.0005
0.720  0.0003
0.724  0.0019
0.724  0.0011
0.728  0.0001
0.732  0.0002
0.734  0.0010
0.736  0.0590
0.739  0.0152
0.742  0.0005
0.744  0.0003
0.747  0.0001
0.751  0.0001
0.753  0.0006
0.754  0.0003
0.756  0.0117
0.758  0.0004
0.765  0.0017
0.768  0.0027
0.774  0.0027
0.774  0.0007
0.777  0.0002
0.781  0.0004
0.783  0.0003
0.785  0.0015
0.787  0.0002
0.790  0.0011
0.790  0.0005
0.792  0.0004
0.798  0.0470
0.798  0.0015
0.801  0.0002
0.809  0.0023
0.813  0.0013
0.815  0.0004
0.820  0.0011
0.823  0.0002
0.829  0.0023
0.838  0.0001
0.841  0.0076
0.841  0.0016
0.847  0.0009
0.848  0.0003
0.852  0.0012
0.852  0.0017
0.853  0.0021
0.854  0.0005
0.858  0.0010
0.866  0.0004
0.866  0.0007
0.866  0.0002
0.868  0.0007
0.871  0.0011
0.871  0.0009
0.873  0.0001
0.873  0.0001
0.875  0.0010
0.876  0.0039
0.881  0.0006
0.887  0.0004
0.889  0.0004
0.893  0.0007
0.898  0.0028
0.900  0.0015
0.905  0.0009
0.905  0.0011
0.905  0.0004
0.912  0.0011
0.912  0.0011
0.914  0.0092
0.920  0.0009
0.924  0.0001
0.925  0.0003
0.925  0.0011
0.930  0.0004
0.934  0.0012
0.935  0.0001
0.937  0.0004
0.943  0.0037
0.946  0.0001
0.949  0.0007
0.951  0.0001
0.952  0.0005
0.954  0.0002
0.958  0.0005
0.958  0.0059
0.961  0.0006
0.965  0.0019
0.968  0.0019
0.968  0.0002
0.969  0.0007
0.969  0.0001
0.973  0.0017
0.980  0.0006
0.984  0.0003
0.985  0.0002
0.990  0.0005
0.995  0.0006
1.000  0.0003
1.003  0.0006
1.011  0.0002
1.013  0.0001
1.016  0.0250
1.021  0.0003
1.021  0.0007
1.029  0.0004
1.030  0.0001
1.032  0.0003
1.032  0.0004
1.035  0.0001
1.036  0.0018
1.040  0.0007
1.042  0.0032
1.044  0.0001
1.045  0.0001
1.048  0.0061
1.050  0.0008
1.051  0.0003
1.058  0.0001
1.064  0.0006
1.067  0.0016
1.067  0.0003
1.070  0.0006
1.073  0.0011
1.074  0.0004
1.077  0.0012
1.080  0.0001
1.080  0.0021
1.080  0.0003
1.083  0.0003
1.084  0.0003
1.092  0.0003
1.100  0.0010
1.107  0.0043
1.111  0.0002
1.115  0.0006
1.118  0.0005
1.118  0.0001
1.123  0.0410
1.123  0.0003
1.125  0.0003
1.127  0.0019
1.129  0.0001
1.132  0.0006
1.137  0.0018
1.139  0.0006
1.145  0.0005
1.146  0.0007
1.148  0.0001
1.152  0.0005
1.157  0.0011
1.157  0.0007
1.159  0.0005
1.165  0.0001
1.169  0.0023
1.173  0.0011
1.175  0.0004
1.178  0.0003
1.181  0.1330
1.184  0.0009
1.186  0.0003
1.187  0.0007
1.189  0.0027
1.191  0.0004
1.201  0.0017
1.201  0.0003
1.207  0.0001
1.213  0.0002
1.213  0.0009
1.218  0.0006
1.224  0.0003
1.233  0.0009
1.234  0.0001
1.238  0.0005
1.252  0.0005
1.255  0.0004
1.261  0.0002
1.264  0.0002
1.268  0.0006
1.270  0.0007
1.271  0.0006
1.271  0.0003
1.277  0.0003
1.282  0.0002
1.286  0.0016
1.287  0.0011
1.294  0.0031
1.296  0.0006
1.298  0.0020
1.308  0.0002
1.314  0.0016
1.314  0.0009
1.316  0.0013
1.326  0.0003
1.328  0.0025
1.330  0.0005
1.332  0.0001
1.333  0.0010
1.338  0.0003
1.342  0.0012
1.347  0.0001
1.347  0.0002
1.349  0.0002
1.350  0.0001
1.350  0.0001
1.352  0.0000
1.357  0.0001
1.360  0.0013
1.360  0.0013
1.363  0.0031
1.366  0.0001
1.371  0.0003
1.379  0.0010
1.379  0.0005
1.383  0.0008
1.387  0.0002
1.393  0.0001
1.395  0.0010
1.415  0.0001
1.425  0.0004
1.428  0.0001
1.439  0.0001
1.445  0.0005
1.446  0.0001
1.452  0.0000
1.458  0.0000
1.462  0.0001
1.465  0.0006
1.471  0.0002
1.474  0.0002
1.476  0.0007
1.485  0.0020
1.485  0.0004
1.491  0.0001
1.499  0.0003
1.502  0.0003
1.507  0.0004
1.534  0.0002
1.549  0.0005
1.550  0.0027
1.554  0.0007
1.566  0.0009
1.572  0.0010
1.578  0.0016
1.585  0.0001
1.586  0.0000
1.593  0.0002
1.598  0.0009
1.611  0.0000
1.618  0.0033
1.619  0.0003
1.623  0.0001
1.628  0.0003
1.636  0.0009
1.640  0.0002
1.647  0.0004
1.673  0.0002
1.678  0.0001
1.686  0.0001
1.693  0.0001
1.698  0.0002
1.704  0.0001
1.704  0.0003
1.709  0.0001
1.717  0.0011
1.732  0.0009
1.738  0.0002
1.742  0.0001
1.753  0.0004
1.757  0.0005
1.762  0.0003
1.767  0.0001
1.775  0.0024
1.782  0.0005
1.787  0.0009
1.788  0.0001
1.794  0.0004
1.795  0.0001
1.797  0.0000
1.801  0.0000
1.807  0.0006
1.811  0.0008
1.819  0.0006
1.825  0.0000
1.829  0.0001
1.836  0.0001
1.849  0.0002
1.855  0.0001
1.856  0.0001
1.863  0.0004
1.873  0.0001
1.878  0.0001
1.892  0.0017
1.894  0.0003
1.903  0.0001
1.909  0.0003
1.926  0.0004
1.938  0.0000
1.973  0.0000
1.989  0.0000
1.994  0.0001
1.998  0.0000
2.011  0.0001
2.019  0.0005
2.023  0.0001
2.038  0.0000
2.053  0.0000
2.094  0.0000
2.107  0.0001
2.119  0.0001
2.204  0.0000
2.268  0.0000
2.304  0.0000
