108
0.299  0.0011
0.315  0.0019
0.334  0.0063
0.349  0.0009
0.349  0.0250
0.354  0.0098
0.358  0.8900
0.460  0.0011
0.475  0.0025
0.512  0.0014
0.519  0.0089
0.527  0.0039
0.530  0.1560
0.535  0.1470
0.554  0.0030
0.566  0.0009
0.584  0.0062
0.585  0.0020
0.610  0.0200
0.614  0.0116
0.627  0.0022
0.630  0.0045
0.630  0.0090
0.649  0.0023
0.659  0.0009
0.792  0.0250
0.795  0.0017
0.839  0.0078
0.884  0.1090
0.893  0.1020
0.919  0.0012
0.984  0.0015
0.987  0.0021
1.022  0.0046
1.093  0.0045
1.128  0.0031
1.133  0.0022
1.145  0.0041
1.157  0.0280
1.188  0.0034
1.210  0.0029
1.240  0.0018
1.248  0.0056
1.282  0.0205
1.363  0.0024
1.376  0.0036
1.381  0.0169
1.397  0.0240
1.436  0.0036
1.467  0.0089
1.472  0.0069
1.516  0.0079
1.517  0.0074
1.531  0.0040
1.537  0.0017
1.541  0.0107
1.581  0.0029
1.594  0.0034
1.597  0.0420
1.601  0.0019
1.609  0.0012
1.612  0.0580
1.634  0.0012
1.636  0.0063
1.677  0.0780
1.723  0.0069
1.737  0.0187
1.841  0.0018
1.872  0.0022
1.911  0.0196
1.928  0.0042
1.935  0.0022
1.971  0.0160
1.986  0.0018
2.016  0.0178
2.089  0.0041
2.124  0.0223
2.182  0.0045
2.239  0.0033
2.340  0.0022
2.376  0.0019
2.395  0.0035
2.466  0.0116
2.526  0.0010
2.550  0.0087
2.609  0.0160
2.633  0.0010
2.677  0.0033
2.691  0.0018
2.717  0.0059
2.725  0.0036
2.788  0.0053
2.928  0.0013
2.976  0.0022
2.982  0.0011
3.026  0.0022
3.057  0.0031
3.085  0.0015
3.143  0.0080
3.149  0.0116
3.226  0.0031
3.260  0.0017
3.277  0.0013
3.319  0.0029
3.371  0.0029
3.375  0.0024
3.517  0.0016
3.812  0.0012
