57
0.046  0.0003
0.049  0.0008
0.058  0.0002
0.063  0.0015
0.064  0.0028
0.070  0.0004
0.072  0.0013
0.073  0.0000
0.074  0.0056
0.075  0.0016
0.079  0.0003
0.087  0.0020
0.095  0.0006
0.096  0.0002
0.100  0.0025
0.100  0.0150
0.101  0.0032
0.103  0.0005
0.108  0.0229
0.112  0.0229
0.114  0.0034
0.120  0.0039
0.124  0.0003
0.125  0.0001
0.126  0.0024
0.129  0.0024
0.134  0.0057
0.135  0.0069
0.140  0.0030
0.145  0.0058
0.145  0.0068
0.150  0.0450
0.153  0.0022
0.154  0.0086
0.157  0.0024
0.169  0.0028
0.170  0.0002
0.171  0.0050
0.178  0.0091
0.186  0.0001
0.186  0.2160
0.188  0.0022
0.196  0.0011
0.198  0.0078
0.199  0.0001
0.217  0.0260
0.225  0.0004
0.228  0.0026
0.241  0.0072
0.243  0.0002
0.254  0.0057
0.254  0.0180
0.256  0.0035
0.265  0.0097
0.279  0.0197
0.285  0.0007
0.355  0.0003
