147
0.304  0.0147
0.340  0.0047
0.357  0.0027
0.367  0.0146
0.397  0.9430
0.431  0.0363
0.450  0.0075
0.453  0.0189
0.468  0.0052
0.541  0.3920
0.585  0.0800
0.587  0.0094
0.597  0.0051
0.622  0.0028
0.643  0.0149
0.662  0.0110
0.705  0.0418
0.735  0.0709
0.747  0.0074
0.752  0.0153
0.763  0.0038
0.798  0.0050
0.813  0.0049
0.834  0.0088
0.845  0.2230
0.853  0.0105
0.858  0.0013
0.861  0.0056
0.872  0.0051
0.890  0.0126
0.907  0.0059
0.951  0.0190
0.952  0.0290
0.958  0.0036
0.969  0.0331
0.974  0.0052
0.979  0.0190
1.006  0.0016
1.011  0.0043
1.018  0.0026
1.044  0.0019
1.053  0.0202
1.063  0.0036
1.070  0.0099
1.083  0.0055
1.084  0.0075
1.092  0.0101
1.102  0.0125
1.153  0.0043
1.170  0.0046
1.176  0.0049
1.190  0.0047
1.212  0.0025
1.215  0.0025
1.218  0.0040
1.238  0.0059
1.247  0.0038
1.276  0.0161
1.282  0.0033
1.294  0.0380
1.294  0.0270
1.307  0.0019
1.308  0.0047
1.348  0.0150
1.358  0.0028
1.368  0.0043
1.380  0.0074
1.387  0.0064
1.401  0.0072
1.414  0.0055
1.422  0.0113
1.431  0.0418
1.438  0.0013
1.450  0.0039
1.467  0.0060
1.490  0.0141
1.499  0.0070
1.506  0.0039
1.524  0.0348
1.624  0.0070
1.632  0.0104
1.640  0.0075
1.642  0.0028
1.661  0.0066
1.674  0.0139
1.683  0.0069
1.715  0.0098
1.716  0.0088
1.755  0.0041
1.756  0.0106
1.757  0.0035
1.766  0.0059
1.804  0.0067
1.818  0.0039
1.819  0.0012
1.843  0.0026
1.864  0.0028
1.864  0.0028
1.931  0.0021
1.942  0.0140
1.943  0.0031
1.955  0.0051
1.955  0.0092
1.965  0.0034
1.967  0.0037
1.996  0.0283
2.008  0.0117
2.029  0.0035
2.037  0.0043
2.050  0.0076
2.051  0.0053
2.112  0.0022
2.131  0.0006
2.137  0.0028
2.151  0.0019
2.153  0.0028
2.154  0.0025
2.167  0.0034
2.182  0.0011
2.184  0.0017
2.259  0.0065
2.300  0.0033
2.324  0.0035
2.324  0.0057
2.340  0.0027
2.340  0.0023
2.352  0.0025
2.353  0.0047
2.354  0.0021
2.372  0.0013
2.387  0.0012
2.390  0.0012
2.464  0.0014
2.540  0.0037
2.548  0.0011
2.663  0.0196
2.731  0.0012
2.750  0.0012
2.865  0.0104
2.882  0.0031
2.896  0.0030
2.999  0.0021
3.007  0.0019
3.027  0.0025
3.060  0.0012
3.629  0.0011
3.632  0.0009
