88
0.022  0.0050
0.156  0.1720
0.174  0.0480
0.178  0.0058
0.229  0.2890
0.254  0.0140
0.275  0.0066
0.378  0.0690
0.410  0.0720
0.428  0.0140
0.432  0.2020
0.450  0.0251
0.502  0.0061
0.583  0.0055
0.606  0.0900
0.624  0.0084
0.628  0.0700
0.653  0.0450
0.689  0.0055
0.712  0.0124
0.724  0.0090
0.726  0.0052
0.748  0.0136
0.824  0.0052
0.842  0.0390
0.882  0.0430
0.901  0.0230
0.901  0.0058
0.937  0.0171
1.000  0.0066
1.045  0.0023
1.054  0.0101
1.094  0.0110
1.113  0.0087
1.140  0.0110
1.164  0.0066
1.190  0.0113
1.227  0.0064
1.231  0.0090
1.259  0.0101
1.316  0.0292
1.355  0.0026
1.359  0.0020
1.366  0.0217
1.427  0.0064
1.433  0.0043
1.443  0.0066
1.446  0.0052
1.490  0.0038
1.545  0.0176
1.637  0.0043
1.640  0.0058
1.651  0.0075
1.666  0.0081
1.686  0.0075
1.699  0.0055
1.713  0.0035
1.718  0.0153
1.753  0.0069
1.762  0.0116
1.786  0.0066
1.802  0.0136
1.825  0.0156
1.830  0.0078
1.981  0.0301
1.993  0.0208
2.028  0.0075
2.034  0.0116
2.044  0.0061
2.094  0.0370
2.124  0.0084
2.130  0.0098
2.185  0.0153
2.224  0.0081
2.258  0.0162
2.271  0.0066
2.277  0.0038
2.328  0.0098
2.349  0.0058
2.391  0.0092
2.445  0.0072
2.456  0.0450
2.481  0.0072
2.584  0.0029
2.635  0.0081
2.640  0.0078
2.812  0.0171
2.877  0.0040
