136
0.020  0.0160
0.023  0.0001
0.030  0.0002
0.030  0.0005
0.032  0.0000
0.044  0.0000
0.044  0.0000
0.050  0.0280
0.050  0.3400
0.059  0.0000
0.061  0.0000
0.062  0.0002
0.073  0.0000
0.080  0.0870
0.089  0.0006
0.094  0.0007
0.111  0.0001
0.135  0.0053
0.145  0.0000
0.151  0.0001
0.155  0.0000
0.173  0.0012
0.185  0.0025
0.201  0.0000
0.205  0.0098
0.206  0.0001
0.211  0.0001
0.219  0.0001
0.235  0.0300
0.236  0.0003
0.246  0.0003
0.250  0.0000
0.250  0.0002
0.255  0.0001
0.256  0.0003
0.263  0.0000
0.273  0.0000
0.281  0.0000
0.281  0.0000
0.286  0.0001
0.290  0.0003
0.296  0.0000
0.300  0.0002
0.304  0.0001
0.308  0.0000
0.308  0.0001
0.313  0.0002
0.315  0.0000
0.319  0.0049
0.330  0.0003
0.334  0.0001
0.340  0.0007
0.343  0.0002
0.351  0.0000
0.369  0.0010
0.434  0.0000
0.440  0.0000
0.445  0.0000
0.453  0.0000
0.453  0.0000
0.458  0.0000
0.469  0.0000
0.469  0.0000
0.475  0.0000
0.475  0.0000
0.481  0.0000
0.493  0.0000
0.507  0.0000
0.517  0.0000
0.525  0.0000
0.533  0.0000
0.537  0.0000
0.537  0.0000
0.540  0.0001
0.545  0.0000
0.552  0.0000
0.556  0.0000
0.569  0.0006
0.576  0.0000
0.581  0.0000
0.592  0.0000
0.597  0.0000
0.601  0.0000
0.608  0.0000
0.614  0.0000
0.633  0.0000
0.664  0.0000
0.672  0.0000
0.708  0.0000
0.723  0.0004
0.724  0.0002
0.737  0.0000
0.742  0.0000
0.746  0.0002
0.754  0.0001
0.757  0.0001
0.763  0.0000
0.766  0.0002
0.776  0.0046
0.781  0.0000
0.785  0.0001
0.788  0.0000
0.788  0.0000
0.792  0.0000
0.796  0.0001
0.804  0.0006
0.806  0.0000
0.812  0.0002
0.817  0.0000
0.823  0.0001
0.826  0.0005
0.834  0.0000
0.836  0.0001
0.842  0.0001
0.847  0.0000
0.847  0.0005
0.864  0.0000
0.867  0.0000
0.877  0.0004
0.878  0.0000
0.893  0.0000
0.897  0.0001
0.908  0.0001
0.911  0.0000
0.914  0.0000
0.926  0.0000
0.941  0.0000
0.949  0.0000
0.958  0.0000
0.969  0.0000
0.975  0.0000
0.979  0.0000
0.989  0.0000
0.994  0.0000
0.999  0.0000
1.025  0.0000
