52
0.054  0.0050
0.158  0.5560
0.252  0.0167
0.257  0.0033
0.295  0.0667
0.299  0.0072
0.369  0.0067
0.379  0.0390
0.388  0.0139
0.426  0.0100
0.433  0.0111
0.482  0.0095
0.536  0.0050
0.602  0.0762
0.612  0.0289
0.655  0.0078
0.663  0.0150
0.683  0.0640
0.713  0.0050
0.760  0.0860
0.771  0.0050
0.777  0.0717
0.794  0.0072
0.819  0.0130
0.831  0.0520
0.887  0.0044
0.958  0.0395
0.967  0.0039
0.990  0.0930
1.105  0.0033
1.131  0.0106
1.257  0.0061
1.298  0.0083
1.303  0.0011
1.317  0.0044
1.339  0.0178
1.426  0.0089
1.432  0.0133
1.464  0.0089
1.497  0.0061
1.570  0.0039
1.590  0.0083
1.733  0.0067
1.769  0.0089
1.891  0.0122
1.986  0.0245
1.995  0.0328
2.034  0.0067
2.094  0.0701
2.154  0.0072
2.392  0.0390
2.550  0.0033
