110
0.007  0.0001
0.008  0.0001
0.029  0.0217
0.036  0.0000
0.057  0.0005
0.064  0.0000
0.070  0.0000
0.075  0.0004
0.087  0.0184
0.088  0.0017
0.095  0.0078
0.109  0.0000
0.118  0.0000
0.131  0.0005
0.134  0.0000
0.143  0.0001
0.151  0.0001
0.153  0.0004
0.155  0.0000
0.163  0.0013
0.163  0.0004
0.169  0.0025
0.171  0.0005
0.179  0.0003
0.181  0.0000
0.187  0.0002
0.191  0.0009
0.195  0.0011
0.202  0.0002
0.211  0.0002
0.211  0.0002
0.212  0.0001
0.217  0.0001
0.226  0.0002
0.238  0.0000
0.242  0.0000
0.246  0.0000
0.251  0.0000
0.253  0.0001
0.257  0.0005
0.279  0.0000
0.286  0.0002
0.310  0.0000
0.316  0.0000
0.347  0.0001
0.360  0.0009
0.361  0.0002
0.368  0.0000
0.377  0.0003
0.384  0.0000
0.399  0.0001
0.413  0.0001
0.431  0.0002
0.433  0.0001
0.441  0.0019
0.448  0.0010
0.459  0.0099
0.465  0.0000
0.468  0.0001
0.491  0.0011
0.497  0.0001
0.499  0.0016
0.526  0.0005
0.552  0.0002
0.554  0.0000
0.563  0.0005
0.574  0.0003
0.579  0.0000
0.583  0.0000
0.595  0.0012
0.599  0.0003
0.610  0.0006
0.642  0.0002
0.663  0.0000
0.670  0.0000
0.670  0.0050
0.678  0.0006
0.704  0.0001
0.708  0.0001
0.717  0.0004
0.725  0.0006
0.728  0.0000
0.741  0.0002
0.758  0.0003
0.764  0.0009
0.783  0.0001
0.805  0.0002
0.806  0.0001
0.811  0.0001
0.816  0.0002
0.817  0.0001
0.849  0.0000
0.871  0.0000
0.874  0.0001
0.881  0.0001
0.890  0.0011
0.898  0.0000
0.935  0.0004
0.942  0.0000
0.948  0.0001
0.961  0.0000
0.963  0.0000
0.969  0.0001
0.979  0.0001
0.985  0.0001
0.994  0.0000
1.007  0.0000
1.011  0.0000
1.132  0.0000
1.139  0.0000
