67
0.011  0.0970
0.065  0.1520
0.066  0.0024
0.088  0.0141
0.096  0.0081
0.096  0.0069
0.099  0.0126
0.107  0.0011
0.115  0.0019
0.128  0.0003
0.181  0.0054
0.195  0.0350
0.204  0.0006
0.234  0.0040
0.241  0.0017
0.257  0.0044
0.277  0.0021
0.285  0.0009
0.289  0.0001
0.299  0.0123
0.300  0.0024
0.310  0.0083
0.312  0.0006
0.365  0.0071
0.377  0.0035
0.385  0.0009
0.407  0.0011
0.466  0.0057
0.473  0.0018
0.485  0.0031
0.505  0.0023
0.519  0.0068
0.527  0.0008
0.540  0.0016
0.550  0.0007
0.562  0.0003
0.565  0.0021
0.581  0.0036
0.603  0.0044
0.622  0.0017
0.633  0.0009
0.656  0.0010
0.658  0.0022
0.665  0.0020
0.723  0.0075
0.762  0.0064
0.861  0.0040
0.874  0.0010
0.875  0.0034
0.898  0.1890
0.951  0.0008
0.964  0.2200
0.965  0.0070
0.969  0.0006
1.003  0.0025
1.069  0.0065
1.073  0.0045
1.184  0.0008
1.240  0.0034
1.242  0.0019
1.280  0.0016
1.303  0.0012
1.314  0.0028
1.379  0.0041
1.401  0.0017
1.624  0.0047
1.690  0.0013
