55
0.030  0.0000
0.058  0.0001
0.068  0.0001
0.072  0.0000
0.088  0.0002
0.090  0.0000
0.095  0.0380
0.096  0.0000
0.099  0.0000
0.110  0.0000
0.115  0.0001
0.119  0.0001
0.129  0.0000
0.141  0.0000
0.154  0.0001
0.170  0.0000
0.175  0.0000
0.210  0.0000
0.228  0.0000
0.260  0.0002
0.267  0.0000
0.280  0.0053
0.362  0.0090
0.405  0.0001
0.456  0.0005
0.472  0.0000
0.480  0.0005
0.490  0.0000
0.504  0.0000
0.513  0.0000
0.515  0.0004
0.541  0.0001
0.546  0.0017
0.566  0.0014
0.566  0.0000
0.576  0.0008
0.589  0.0000
0.610  0.0001
0.621  0.0010
0.633  0.0061
0.660  0.0003
0.694  0.0001
0.715  0.0058
0.725  0.0001
0.820  0.0001
0.900  0.0000
0.977  0.0000
0.985  0.0001
0.995  0.0006
1.046  0.0000
1.056  0.0003
1.080  0.0010
1.092  0.0000
1.140  0.0000
1.187  0.0000
