67
0.082  0.1160
0.096  0.0082
0.173  0.0092
0.190  0.4500
0.215  0.0037
0.234  0.0310
0.238  0.0240
0.240  0.0840
0.242  0.0102
0.255  0.0102
0.289  0.0136
0.293  0.0340
0.300  0.0300
0.305  0.0019
0.331  0.0830
0.344  0.0620
0.366  0.0070
0.382  0.2200
0.411  0.0005
0.411  0.0430
0.424  0.0085
0.437  0.0030
0.457  0.0260
0.478  0.0050
0.482  0.0210
0.498  0.0088
0.539  0.0065
0.555  0.0047
0.572  0.0065
0.622  0.0310
0.655  0.0058
0.712  0.0065
0.809  0.0180
0.900  0.0250
0.921  0.0048
1.006  0.0099
1.012  0.0146
1.050  0.0690
1.069  0.3400
1.088  0.0550
1.111  0.0500
1.164  0.0099
1.179  0.0290
1.254  0.0190
1.259  0.0300
1.261  0.0220
1.282  0.0170
1.349  0.0143
1.353  0.0071
1.358  0.0028
1.493  0.0085
1.589  0.0270
1.613  0.0099
1.756  0.0048
1.845  0.0069
1.881  0.0048
1.971  0.0230
2.071  0.0048
2.265  0.0048
2.456  0.0088
2.622  0.0270
2.678  0.0088
2.682  0.0129
2.781  0.0056
2.868  0.0170
2.872  0.0200
2.915  0.0390
