49
0.247  0.0080
0.302  0.6220
0.419  0.0019
0.451  0.0290
0.492  0.0100
0.497  0.0025
0.512  0.0031
0.522  0.0025
0.562  0.0031
0.615  0.0240
0.623  0.0050
0.637  0.0112
0.660  0.0174
0.698  0.0580
0.721  0.0380
0.759  0.0025
0.800  0.0040
0.825  0.0168
0.869  0.0410
0.894  0.0050
0.903  0.0131
0.918  0.0025
0.934  0.0019
0.947  0.0170
1.023  0.0570
1.050  0.0037
1.066  0.0044
1.157  0.0050
1.157  0.0130
1.171  0.0110
1.183  0.0031
1.210  0.0160
1.249  0.0550
1.261  0.0080
1.271  0.0050
1.344  0.0044
1.358  0.0670
1.382  0.0210
1.410  0.0012
1.419  0.0044
1.522  0.0090
1.772  0.0149
1.881  0.0025
1.907  0.0110
1.932  0.0062
2.107  0.0008
2.130  0.0220
2.629  0.0150
2.735  0.0070
