58
0.017  0.0021
0.020  0.0026
0.025  0.0003
0.027  0.1409
0.030  0.0003
0.038  0.0001
0.044  0.0011
0.046  0.0015
0.055  0.0000
0.057  0.0000
0.057  0.0002
0.074  0.0001
0.147  0.0012
0.199  0.0002
0.210  0.0009
0.220  0.0017
0.227  0.0002
0.228  0.0034
0.232  0.0024
0.243  0.0044
0.246  0.0002
0.256  0.0016
0.258  0.0162
0.273  0.0078
0.277  0.0235
0.284  0.0275
0.300  0.0413
0.303  0.0389
0.327  0.0024
0.330  0.0243
0.341  0.0018
0.355  0.0061
0.379  0.0038
0.390  0.0006
0.398  0.0007
0.398  0.0007
0.408  0.0194
0.428  0.0008
0.435  0.0020
0.469  0.0022
0.471  0.0022
0.478  0.0007
0.487  0.0203
0.490  0.0012
0.501  0.0085
0.516  0.0122
0.536  0.0054
0.611  0.0105
0.639  0.0019
0.652  0.0019
0.671  0.0013
0.760  0.0010
0.790  0.0013
0.829  0.0002
0.836  0.0008
0.847  0.0002
0.864  0.0013
0.875  0.0007
