58
0.076  0.2500
0.082  0.0279
0.088  0.0023
0.095  0.0070
0.103  0.0132
0.109  0.0047
0.172  0.0740
0.199  0.7750
0.275  0.0500
0.282  0.0310
0.290  0.0093
0.366  0.0750
0.393  0.0124
0.406  0.0008
0.481  0.0031
0.509  0.0078
0.566  0.0155
0.609  0.0026
0.681  0.0015
0.736  0.0015
0.749  0.0290
0.755  0.0410
0.764  0.0003
0.786  0.0003
0.831  0.0171
0.858  0.0116
0.865  0.0031
0.969  0.0005
0.980  0.0029
1.030  0.0071
1.069  0.0035
1.184  0.0010
1.251  0.0036
1.264  0.0124
1.287  0.0057
1.310  0.0004
1.346  0.0140
1.369  0.0024
1.373  0.0005
1.396  0.0012
1.410  0.0008
1.456  0.0085
1.469  0.0093
1.545  0.0076
1.551  0.0014
1.578  0.0022
1.611  0.0030
1.696  0.0007
1.702  0.0011
1.724  0.0013
1.750  0.0018
1.797  0.0016
1.816  0.0068
1.919  0.0007
1.978  0.0006
2.091  0.0124
2.223  0.0017
2.403  0.0012
