102
0.208  0.0176
0.225  0.2950
0.296  0.0029
0.322  0.0015
0.330  0.0044
0.340  0.0047
0.357  0.6940
0.372  0.0059
0.389  0.0066
0.415  0.0162
0.433  0.0016
0.439  0.0018
0.442  0.0108
0.452  0.0102
0.458  0.0353
0.473  0.0017
0.486  0.0234
0.510  0.4280
0.554  0.0357
0.560  0.0015
0.572  0.0446
0.574  0.0013
0.594  0.0076
0.604  0.0012
0.609  0.0301
0.622  0.0063
0.635  0.0013
0.637  0.0039
0.652  0.0014
0.665  0.0333
0.671  0.0035
0.674  0.0018
0.680  0.0118
0.706  0.0031
0.712  0.0321
0.718  0.1471
0.735  0.0063
0.799  0.1464
0.812  0.0044
0.835  0.0084
0.837  0.1152
0.867  0.0826
0.882  0.0074
0.884  0.0743
0.888  0.0394
0.890  0.0030
0.928  0.0015
0.934  0.0075
0.943  0.0076
0.967  0.0017
0.988  0.0078
0.992  0.0022
0.996  0.0155
1.031  0.0022
1.036  0.0034
1.042  0.0131
1.064  0.0548
1.082  0.0285
1.085  0.0062
1.093  0.0034
1.110  0.0051
1.136  0.0014
1.192  0.0437
1.206  0.0049
1.208  0.0047
1.226  0.0135
1.239  0.0019
1.245  0.0074
1.260  0.0099
1.274  0.0018
1.294  0.0230
1.299  0.0530
1.306  0.0074
1.317  0.0434
1.341  0.0544
1.353  0.0472
1.385  0.0026
1.409  0.0009
1.421  0.0116
1.436  0.0096
1.448  0.0055
1.456  0.0027
1.508  0.0047
1.531  0.0020
1.555  0.0257
1.646  0.0022
1.665  0.0051
1.685  0.0046
1.702  0.0017
1.717  0.0067
1.780  0.0253
1.827  0.0153
1.848  0.0103
1.855  0.0193
1.871  0.0173
1.895  0.0743
2.046  0.0095
2.073  0.0034
2.175  0.0011
2.290  0.0874
2.338  0.0325
2.420  0.0044
