233
0.401  0.0003
0.412  0.0008
0.413  0.0019
0.528  0.0292
0.555  0.0015
0.602  0.5300
0.628  0.0015
0.643  0.0004
0.672  0.0115
0.693  0.0011
0.696  0.0029
0.726  0.0007
0.729  0.0009
0.736  0.0058
0.741  0.0006
0.759  0.0004
0.760  0.0004
0.795  0.0009
0.795  0.0009
0.799  0.0012
0.810  0.0005
0.821  0.0025
0.827  0.0003
0.862  0.0004
0.862  0.0004
0.862  0.0004
0.873  0.0007
0.881  0.0006
0.889  0.0004
0.889  0.0004
0.893  0.0004
0.908  0.0860
0.918  0.0043
0.935  0.0004
0.939  0.0002
0.939  0.0002
0.944  0.0004
0.949  0.0005
0.949  0.0005
0.969  0.0003
0.981  0.0007
0.981  0.0007
0.985  0.0008
1.001  0.0010
1.001  0.0010
1.008  0.0083
1.010  0.0041
1.032  0.0013
1.040  0.0024
1.057  0.0006
1.064  0.0013
1.064  0.0013
1.068  0.0007
1.073  0.0020
1.099  0.0013
1.102  0.0008
1.105  0.0006
1.114  0.0003
1.130  0.0122
1.137  0.0009
1.137  0.0009
1.147  0.0008
1.147  0.0008
1.154  0.0004
1.159  0.0002
1.164  0.0003
1.172  0.0003
1.172  0.0003
1.181  0.0002
1.190  0.0022
1.200  0.0476
1.221  0.0238
1.263  0.0007
1.271  0.0013
1.277  0.0011
1.281  0.0006
1.288  0.0012
1.292  0.0015
1.292  0.0015
1.299  0.0023
1.320  0.0002
1.323  0.0007
1.339  0.0010
1.363  0.0026
1.376  0.0011
1.376  0.0011
1.382  0.0006
1.391  0.0186
1.396  0.0006
1.419  0.0037
1.422  0.0073
1.422  0.0005
1.442  0.0014
1.455  0.0016
1.455  0.0016
1.459  0.0015
1.492  0.0010
1.514  0.0014
1.517  0.0020
1.517  0.0020
1.527  0.0006
1.527  0.0006
1.536  0.0063
1.542  0.0007
1.602  0.0050
1.608  0.0019
1.614  0.0074
1.627  0.0010
1.635  0.0253
1.649  0.0007
1.651  0.0015
1.651  0.0015
1.663  0.0019
1.702  0.0013
1.707  0.0127
1.718  0.0029
1.736  0.0054
1.738  0.0032
1.770  0.0006
1.784  0.0004
1.795  0.0008
1.795  0.0008
1.799  0.0015
1.799  0.0015
1.808  0.0003
1.827  0.0039
1.835  0.0019
1.853  0.0349
1.858  0.0050
1.900  0.0011
1.919  0.0020
1.928  0.0009
1.940  0.0010
1.950  0.0048
1.994  0.0052
2.010  0.0077
2.023  0.0011
2.038  0.0009
2.038  0.0009
2.048  0.0029
2.062  0.0013
2.068  0.0033
2.087  0.0010
2.090  0.0005
2.090  0.0005
2.102  0.0303
2.109  0.0015
2.120  0.0009
2.170  0.0068
2.180  0.0005
2.185  0.0028
2.236  0.0016
2.236  0.0016
2.237  0.0296
2.251  0.0015
2.268  0.0120
2.277  0.0066
2.280  0.0011
2.309  0.0026
2.312  0.0008
2.331  0.0371
2.340  0.0024
2.362  0.0022
2.372  0.0010
2.387  0.0004
2.401  0.0006
2.430  0.0120
2.456  0.0008
2.460  0.0011
2.463  0.0037
2.478  0.0005
2.497  0.0029
2.513  0.0021
2.513  0.0021
2.522  0.0323
2.554  0.0004
2.564  0.0006
2.647  0.0008
2.657  0.0002
2.661  0.0003
2.664  0.0003
2.664  0.0003
2.667  0.0003
2.675  0.0007
2.704  0.0064
2.737  0.0005
2.765  0.0010
2.788  0.0010
2.848  0.0062
2.874  0.0043
2.969  0.0043
2.998  0.0019
3.053  0.0113
3.067  0.0015
3.067  0.0015
3.089  0.0009
3.099  0.0014
3.116  0.0023
3.160  0.0002
3.190  0.0023
3.243  0.0029
3.248  0.0018
3.268  0.0011
3.304  0.0007
3.319  0.0008
3.341  0.0042
3.341  0.0042
3.371  0.0051
3.383  0.0006
3.394  0.0012
3.407  0.0003
3.413  0.0003
3.435  0.0045
3.451  0.0052
3.478  0.0018
3.507  0.0009
3.527  0.0009
3.565  0.0015
3.602  0.0028
3.628  0.0009
3.635  0.0012
3.658  0.0002
3.672  0.0009
3.699  0.0004
3.793  0.0023
3.845  0.0005
3.851  0.0002
3.944  0.0034
4.053  0.0003
4.417  0.0006
4.572  0.0002
4.786  0.0002
4.982  0.0004
