253
0.222  0.0000
0.230  0.0000
0.253  0.0001
0.269  0.0002
0.274  0.0013
0.281  0.0006
0.282  0.0001
0.304  0.0003
0.304  0.0003
0.333  0.0006
0.335  0.0003
0.335  0.0006
0.349  0.0010
0.352  0.0007
0.356  0.0001
0.387  0.0029
0.389  0.0039
0.394  0.0001
0.396  0.0003
0.406  0.0017
0.428  0.0001
0.453  0.0003
0.455  0.0029
0.461  0.0004
0.470  0.0013
0.474  0.0010
0.486  0.0002
0.487  0.0002
0.488  0.0003
0.494  0.0001
0.497  0.0001
0.502  0.0002
0.520  0.0002
0.525  0.0002
0.528  0.0001
0.537  0.0007
0.543  0.0007
0.547  0.0003
0.573  0.0008
0.595  0.0002
0.600  0.0001
0.609  0.4544
0.616  0.0006
0.617  0.0003
0.626  0.0000
0.631  0.0002
0.631  0.0002
0.633  0.0006
0.635  0.0001
0.640  0.0003
0.649  0.0006
0.651  0.0000
0.659  0.0001
0.661  0.0005
0.665  0.0154
0.677  0.0001
0.683  0.0008
0.688  0.0001
0.693  0.0001
0.698  0.0006
0.700  0.0002
0.703  0.0048
0.705  0.0005
0.709  0.0001
0.711  0.0007
0.720  0.0041
0.723  0.0004
0.734  0.0004
0.741  0.0004
0.753  0.0013
0.768  0.0489
0.770  0.0003
0.786  0.0032
0.788  0.0001
0.806  0.0126
0.815  0.0004
0.821  0.0016
0.826  0.0010
0.832  0.0003
0.840  0.0001
0.847  0.0003
0.873  0.0002
0.878  0.0001
0.904  0.0007
0.916  0.0002
0.918  0.0001
0.930  0.0003
0.934  0.0309
0.934  0.0005
0.934  0.0001
0.939  0.0001
0.940  0.0002
0.943  0.0002
0.950  0.0001
0.952  0.0001
0.962  0.0001
0.964  0.0037
0.965  0.0001
0.976  0.0001
0.992  0.0001
1.013  0.0001
1.021  0.0001
1.032  0.0006
1.033  0.0002
1.038  0.0001
1.038  0.0001
1.046  0.0002
1.052  0.0031
1.058  0.0001
1.062  0.0001
1.067  0.0003
1.070  0.0027
1.087  0.0001
1.104  0.0009
1.105  0.0008
1.109  0.0001
1.119  0.0004
1.120  0.1490
1.130  0.0004
1.134  0.0025
1.155  0.0163
1.156  0.0001
1.156  0.0001
1.167  0.0001
1.173  0.0006
1.208  0.0045
1.227  0.0013
1.227  0.0003
1.231  0.0001
1.238  0.0583
1.279  0.0001
1.281  0.0144
1.284  0.0001
1.285  0.0002
1.304  0.0010
1.317  0.0008
1.322  0.0000
1.330  0.0001
1.341  0.0002
1.351  0.0001
1.353  0.0000
1.371  0.0001
1.378  0.0398
1.385  0.0080
1.393  0.0002
1.402  0.0133
1.408  0.0239
1.420  0.0001
1.449  0.0002
1.471  0.0000
1.479  0.0006
1.481  0.0000
1.484  0.0001
1.509  0.0213
1.516  0.0002
1.539  0.0044
1.543  0.0031
1.583  0.0071
1.595  0.0027
1.595  0.0001
1.598  0.0001
1.600  0.0033
1.636  0.0001
1.637  0.0001
1.657  0.0005
1.661  0.0105
1.666  0.0001
1.676  0.0000
1.684  0.0022
1.711  0.0000
1.717  0.0001
1.730  0.0287
1.752  0.0001
1.764  0.1529
1.814  0.0001
1.819  0.0000
1.838  0.0035
1.847  0.0203
1.873  0.0021
1.890  0.0008
1.896  0.0015
1.899  0.0005
1.936  0.0003
1.995  0.0001
2.011  0.0004
2.022  0.0002
2.053  0.0007
2.085  0.0001
2.090  0.0004
2.110  0.0009
2.119  0.0116
2.120  0.0001
2.148  0.0001
2.160  0.0000
2.177  0.0001
2.193  0.0004
2.204  0.0492
2.252  0.0001
2.260  0.0001
2.267  0.0002
2.271  0.0000
2.284  0.0001
2.288  0.0000
2.293  0.0031
2.310  0.0000
2.312  0.0001
2.319  0.0000
2.325  0.0000
2.331  0.0002
2.348  0.0000
2.353  0.0000
2.361  0.0000
2.370  0.0000
2.377  0.0001
2.391  0.0000
2.405  0.0000
2.423  0.0001
2.445  0.0001
2.448  0.0155
2.473  0.0000
2.483  0.0000
2.483  0.0000
2.505  0.0001
2.551  0.0000
2.553  0.0000
2.562  0.0000
2.564  0.0000
2.574  0.0000
2.605  0.0000
2.631  0.0000
2.662  0.0000
2.695  0.0003
2.699  0.0000
2.719  0.0000
2.770  0.0002
2.786  0.0001
2.827  0.0000
2.861  0.0000
2.880  0.0001
2.894  0.0001
2.922  0.0001
2.929  0.0000
2.935  0.0000
2.940  0.0000
2.979  0.0001
3.000  0.0001
3.054  0.0002
3.082  0.0001
3.094  0.0000
3.143  0.0000
3.149  0.0000
3.161  0.0000
3.184  0.0000
