90
0.009  0.0066
0.064  0.0006
0.068  0.0009
0.068  0.0005
0.070  0.0018
0.078  0.0700
0.080  0.0012
0.084  0.0009
0.123  0.0084
0.130  0.0009
0.147  0.0010
0.153  0.0012
0.155  0.0064
0.162  0.0015
0.173  0.0004
0.177  0.0212
0.216  0.0012
0.217  0.0023
0.220  0.0007
0.223  0.0036
0.232  0.1220
0.243  0.0021
0.254  0.0060
0.255  0.2070
0.258  0.0015
0.270  0.0093
0.284  0.0031
0.286  0.0111
0.309  0.0260
0.335  0.0153
0.338  0.0031
0.341  0.0003
0.347  0.0013
0.355  0.0005
0.357  0.0008
0.364  0.0476
0.379  0.0059
0.380  0.0007
0.413  0.0006
0.418  0.0037
0.425  0.0575
0.432  0.0105
0.434  0.0045
0.448  0.0025
0.457  0.0037
0.473  0.0042
0.488  0.0009
0.537  0.0007
0.558  0.0025
0.578  0.0007
0.588  0.0009
0.591  0.0031
0.600  0.0185
0.604  0.0042
0.620  0.0005
0.623  0.0007
0.649  0.0007
0.655  0.0009
0.661  0.0023
0.674  0.0007
0.675  0.0007
0.714  0.0004
0.769  0.0076
0.772  0.0009
0.787  0.0019
0.792  0.0008
0.823  0.0029
0.840  0.0363
0.853  0.0003
0.895  0.1390
0.907  0.0004
0.932  0.0008
0.933  0.0008
0.934  0.0003
0.949  0.1070
0.985  0.0007
1.001  0.0980
1.033  0.0034
1.040  0.0008
1.079  0.1150
1.094  0.0282
1.114  0.0010
1.123  0.0039
1.127  0.0150
1.149  0.0050
1.202  0.0560
1.204  0.1430
1.230  0.0008
1.284  0.0007
1.380  0.0342
