52
0.028  0.1630
0.209  0.0018
0.211  0.0000
0.242  0.0000
0.251  0.0038
0.270  0.0000
0.278  0.0057
0.281  0.0017
0.281  0.0000
0.282  0.0000
0.343  0.0001
0.343  0.0005
0.382  0.0000
0.416  0.0000
0.460  0.0770
0.462  0.0000
0.487  0.0142
0.492  0.0000
0.532  0.0009
0.551  0.0000
0.552  0.0000
0.560  0.0001
0.624  0.0010
0.701  0.0000
0.702  0.0000
0.723  0.0000
0.730  0.0000
0.733  0.0000
0.741  0.0004
0.769  0.0000
0.769  0.0000
0.774  0.0000
0.802  0.0019
0.805  0.0002
0.817  0.0000
0.830  0.0001
0.833  0.0004
0.918  0.0000
0.932  0.0000
0.982  0.0002
1.014  0.0000
1.019  0.0000
1.022  0.0000
1.050  0.0000
1.084  0.0049
1.112  0.0019
1.169  0.0000
1.182  0.0000
1.233  0.0001
1.261  0.0001
1.264  0.0001
1.292  0.0000
