80
0.108  0.0012
0.119  0.1100
0.124  0.0031
0.136  0.0110
0.138  0.0012
0.141  0.0190
0.166  0.0031
0.184  0.0018
0.186  0.0031
0.206  0.0610
0.208  0.0270
0.227  0.0006
0.254  0.0018
0.255  0.0018
0.327  0.0007
0.338  0.0049
0.346  0.0024
0.374  0.0037
0.417  0.0012
0.474  0.0067
0.494  0.0006
0.497  0.0049
0.553  0.0031
0.554  0.0160
0.570  0.0006
0.573  0.0018
0.587  0.0012
0.587  0.0080
0.594  0.0070
0.598  0.0290
0.673  0.0024
0.694  0.0037
0.706  0.0018
0.722  0.0180
0.745  0.0012
0.747  0.0037
0.751  0.0043
0.760  0.0120
0.773  0.0031
0.782  0.0200
0.802  0.0043
0.806  0.0018
0.816  0.0018
0.879  0.0090
0.896  0.0037
0.904  0.0031
0.911  0.0018
0.912  0.0350
0.914  0.0037
0.921  0.0067
0.942  0.0006
0.966  0.0067
0.972  0.0012
1.037  0.0018
1.061  0.0043
1.086  0.0012
1.096  0.0049
1.119  0.0050
1.131  0.0031
1.143  0.0070
1.156  0.0100
1.180  0.0061
1.249  0.0050
1.281  0.0043
1.328  0.0061
1.337  0.0049
1.365  0.0012
1.636  0.0018
1.673  0.0018
1.750  0.0018
1.801  0.0085
1.810  0.0200
1.826  0.0049
1.839  0.0150
1.891  0.0018
1.910  0.0024
1.925  0.0120
1.958  0.0330
1.999  0.0024
2.010  0.0350
