44
0.008  0.0033
0.028  0.0340
0.036  0.1480
0.037  0.0018
0.037  0.0065
0.046  0.0025
0.054  0.0005
0.055  0.0023
0.058  0.0004
0.083  0.0208
0.091  0.0330
0.091  0.0195
0.092  0.0013
0.109  0.0014
0.120  0.0800
0.121  0.0005
0.127  0.1810
0.129  0.0112
0.138  0.0005
0.138  0.0005
0.147  0.0046
0.167  0.0045
0.171  0.0005
0.173  0.0012
0.175  0.0223
0.183  0.0280
0.195  0.0002
0.197  0.0012
0.209  0.0007
0.223  0.0007
0.255  0.0029
0.269  0.0020
0.277  0.0026
0.291  0.0002
0.303  0.0005
0.321  0.0011
0.349  0.0003
0.355  0.0004
0.360  0.0001
0.362  0.0003
0.397  0.0028
0.443  0.0045
0.623  0.0020
0.630  0.0030
