45
0.346  0.0520
0.458  0.0590
0.533  0.0024
0.567  0.1820
0.619  0.7700
0.675  0.0630
0.863  0.0080
0.891  0.0034
0.927  0.0100
0.951  0.0750
0.963  0.0080
1.021  0.0120
1.025  0.1240
1.062  0.0068
1.186  0.2010
1.212  0.0200
1.223  0.0460
1.252  0.0185
1.308  0.0035
1.383  0.0070
1.476  0.0140
1.479  0.0820
1.519  0.0160
1.564  0.0120
1.573  0.0104
1.604  0.0160
1.671  0.0162
1.745  0.0072
1.820  0.0280
1.820  0.0080
1.934  0.0930
2.043  0.0131
2.046  0.0550
2.238  0.0120
2.241  0.0085
2.333  0.0180
2.501  0.0250
2.501  0.0060
2.706  0.0340
2.771  0.0130
3.083  0.0039
3.093  0.0180
3.464  0.0440
3.508  0.0009
4.458  0.0131
