143
0.009  0.0500
0.014  0.0088
0.038  0.0002
0.038  0.0018
0.046  0.0002
0.048  0.0005
0.051  0.0166
0.080  0.0440
0.085  0.0002
0.089  0.0038
0.094  0.0010
0.100  0.0003
0.103  0.0096
0.105  0.0128
0.109  0.0005
0.113  0.0370
0.118  0.0450
0.120  0.0012
0.122  0.0004
0.129  0.0004
0.133  0.0006
0.138  0.0003
0.147  0.0003
0.159  0.0011
0.167  0.0124
0.176  0.0012
0.182  0.0024
0.196  0.0022
0.198  0.0056
0.203  0.0010
0.212  0.0230
0.215  0.0031
0.218  0.0011
0.220  0.0006
0.227  0.0003
0.227  0.0003
0.232  0.0007
0.242  0.0014
0.253  0.0005
0.277  0.0056
0.281  0.0138
0.283  0.0008
0.291  0.0044
0.295  0.0005
0.320  0.0007
0.326  0.0007
0.331  0.0034
0.336  0.0022
0.344  0.0006
0.358  0.0011
0.374  0.0054
0.390  0.0146
0.396  0.0076
0.410  0.0019
0.429  0.0066
0.435  0.0021
0.439  0.0260
0.441  0.0052
0.445  0.0070
0.455  0.0006
0.462  0.0148
0.483  0.0017
0.503  0.0017
0.505  0.0013
0.510  0.0084
0.515  0.0104
0.519  0.0102
0.524  0.0046
0.548  0.0114
0.557  0.0500
0.562  0.0029
0.562  0.0029
0.568  0.0010
0.571  0.0011
0.573  0.0015
0.588  0.0004
0.608  0.0220
0.622  0.0800
0.627  0.0098
0.639  0.0132
0.653  0.0480
0.653  0.0480
0.656  0.0070
0.672  0.0030
0.691  0.0008
0.697  0.0018
0.721  0.0008
0.734  0.0028
0.736  0.0021
0.736  0.0021
0.774  0.0360
0.774  0.0050
0.787  0.0041
0.787  0.0041
0.800  0.0054
0.806  0.2000
0.821  0.0004
0.842  0.0058
0.847  0.0020
0.850  0.0042
0.862  0.0016
0.864  0.0022
0.880  0.0270
0.889  0.0039
0.901  0.0020
0.903  0.0040
0.913  0.0088
0.925  0.0144
0.936  0.0008
0.952  0.0088
0.964  0.0014
0.967  0.0009
0.983  0.0046
0.989  0.0300
1.018  0.0029
1.025  0.0026
1.078  0.0016
1.080  0.0028
1.087  0.0026
1.090  0.0012
1.123  0.0016
1.133  0.0066
1.137  0.0210
1.155  0.0030
1.169  0.0012
1.171  0.0010
1.177  0.0110
1.180  0.0014
1.190  0.0024
1.193  0.0016
1.209  0.0136
1.215  0.0028
1.289  0.0020
1.309  0.0640
1.315  0.0820
1.347  0.0014
1.414  0.1220
1.428  0.0114
1.886  0.0034
2.074  0.0022
2.112  0.0036
2.212  0.0010
2.286  0.0016
