60
0.105  0.0016
0.135  0.2300
0.142  0.0190
0.157  0.0790
0.184  0.0050
0.202  0.0069
0.298  0.0046
0.307  0.0190
0.312  0.0590
0.327  0.0110
0.338  0.1030
0.353  0.0053
0.387  0.0150
0.426  0.0690
0.443  0.0092
0.468  0.0250
0.522  0.0037
0.530  0.0130
0.555  0.0070
0.665  0.0110
0.685  0.0025
0.747  0.0074
0.779  0.0180
0.840  0.0035
0.913  0.0051
0.950  0.0021
1.119  0.0053
1.220  0.0060
1.228  0.0067
1.310  0.0080
1.342  0.0050
1.407  0.0039
1.609  0.0430
1.649  0.0041
1.658  0.0220
1.696  0.0150
1.749  0.0110
1.749  0.0110
1.777  0.0048
1.854  0.0250
1.878  0.0130
1.908  0.0051
1.964  0.0110
1.996  0.0400
2.013  0.0370
2.035  0.0130
2.057  0.0330
2.089  0.0044
2.119  0.0035
2.192  0.0190
2.217  0.0090
2.246  0.0280
2.341  0.0051
2.478  0.0051
2.507  0.0025
2.514  0.0140
2.663  0.0048
2.738  0.0023
2.888  0.0260
2.897  0.0035
