77
0.038  0.0000
0.039  0.0003
0.071  0.0008
0.073  0.0200
0.076  0.0008
0.078  0.0003
0.094  0.0011
0.118  0.0009
0.125  0.0014
0.147  0.0020
0.154  0.0027
0.167  0.0056
0.177  0.0065
0.212  0.0068
0.251  0.0670
0.260  0.0061
0.266  0.0020
0.286  0.0083
0.316  0.0830
0.322  0.0011
0.339  0.0450
0.344  0.0045
0.347  0.0034
0.348  0.0620
0.351  0.2600
0.354  0.0011
0.354  0.0460
0.377  0.0063
0.384  0.0023
0.386  0.0011
0.386  0.0450
0.390  0.2400
0.391  0.0045
0.396  0.0047
0.402  0.0250
0.415  0.0540
0.422  0.1150
0.428  0.0350
0.435  0.0142
0.437  0.0034
0.440  0.0023
0.441  0.0068
0.460  0.0115
0.462  0.0220
0.475  0.0290
0.480  0.0034
0.487  0.0110
0.494  0.2250
0.508  0.0460
0.515  0.0036
0.515  0.0043
0.527  0.0027
0.533  0.0950
0.545  0.0170
0.553  0.0009
0.559  0.0200
0.574  0.0016
0.584  0.0700
0.608  0.0370
0.630  0.0113
0.633  0.0029
0.637  0.0020
0.650  0.0011
0.656  0.0006
0.662  0.0020
0.664  0.0016
0.665  0.0023
0.669  0.0061
0.684  0.0029
0.695  0.0006
0.699  0.0009
0.708  0.0032
0.725  0.0016
0.733  0.0025
0.808  0.0018
0.833  0.0101
0.896  0.0014
