238
0.163  0.0013
0.205  0.0012
0.213  0.0780
0.219  0.0319
0.352  0.0008
0.394  0.0002
0.405  0.0006
0.433  0.2020
0.474  0.0003
0.570  0.0004
0.596  0.0026
0.603  0.0020
0.610  0.0020
0.662  0.0032
0.710  0.0620
0.722  0.0006
0.768  0.0013
0.776  0.0006
0.794  0.0125
0.815  0.0138
0.822  0.0020
0.831  0.0007
0.859  0.0010
0.868  0.0009
0.901  0.0013
0.906  0.0008
0.911  0.0017
0.929  0.0049
0.935  0.0037
0.964  0.0002
0.981  0.0015
0.986  0.0790
0.991  0.0013
1.035  0.0008
1.055  0.0007
1.059  0.0008
1.069  0.0071
1.078  0.0005
1.097  0.0046
1.101  0.0021
1.116  0.0011
1.120  0.0009
1.130  0.0022
1.138  0.0023
1.143  0.0037
1.148  0.0178
1.150  0.0054
1.164  0.0010
1.167  0.0005
1.202  0.0006
1.205  0.0006
1.209  0.0018
1.223  0.0008
1.238  0.0172
1.284  0.0017
1.287  0.0013
1.307  0.0013
1.316  0.0044
1.333  0.0123
1.350  0.0016
1.360  0.0024
1.365  0.0038
1.385  0.0660
1.389  0.0026
1.398  0.0007
1.405  0.0011
1.437  0.0048
1.440  0.0011
1.453  0.0006
1.470  0.0022
1.473  0.0006
1.479  0.0007
1.484  0.0010
1.491  0.0014
1.495  0.0027
1.501  0.0040
1.508  0.0027
1.516  0.0011
1.531  0.0008
1.534  0.0016
1.548  0.0033
1.563  0.0117
1.566  0.0007
1.575  0.0014
1.578  0.0018
1.595  0.0067
1.613  0.0194
1.635  0.0043
1.662  0.0042
1.685  0.0064
1.691  0.0007
1.726  0.0009
1.736  0.0012
1.738  0.0012
1.743  0.0013
1.746  0.0014
1.750  0.0029
1.754  0.0011
1.778  0.0001
1.794  0.0031
1.804  0.0028
1.808  0.0325
1.813  0.0029
1.822  0.0067
1.831  0.0024
1.836  0.0032
1.838  0.0055
1.842  0.0009
1.870  0.0220
1.883  0.0012
1.887  0.0017
1.893  0.0020
1.901  0.0054
1.908  0.0011
1.911  0.0131
1.919  0.0013
1.928  0.0087
1.934  0.0030
1.956  0.0020
1.978  0.0093
1.983  0.0008
1.992  0.0019
1.998  0.0007
2.024  0.0014
2.027  0.0027
2.044  0.0035
2.054  0.0156
2.059  0.0041
2.068  0.0017
2.087  0.0020
2.148  0.0034
2.168  0.0051
2.170  0.0006
2.206  0.0021
2.229  0.0109
2.256  0.0008
2.258  0.0030
2.262  0.0016
2.270  0.0063
2.293  0.0062
2.328  0.0013
2.334  0.0008
2.350  0.0071
2.359  0.0038
2.377  0.0016
2.387  0.0026
2.398  0.0014
2.404  0.0008
2.418  0.0039
2.455  0.0057
2.462  0.0056
2.491  0.0046
2.505  0.0095
2.524  0.0028
2.550  0.0031
2.558  0.0014
2.569  0.0044
2.602  0.0041
2.614  0.0015
2.620  0.0010
2.625  0.0011
2.638  0.0033
2.647  0.0020
2.653  0.0036
2.661  0.0036
2.674  0.0012
2.705  0.0119
2.725  0.0065
2.734  0.0007
2.766  0.0046
2.773  0.0014
2.800  0.0018
2.813  0.0013
2.861  0.0129
2.869  0.0051
2.875  0.0012
2.880  0.0044
2.886  0.0038
2.890  0.0047
2.904  0.0026
2.955  0.0053
2.958  0.0019
3.028  0.0006
3.104  0.0008
3.114  0.0049
3.133  0.0010
3.172  0.0022
3.212  0.0013
3.226  0.0035
3.296  0.0008
3.338  0.0016
3.367  0.0026
3.371  0.0131
3.390  0.0007
3.404  0.0053
3.458  0.0430
3.477  0.0031
3.487  0.0008
3.503  0.0063
3.544  0.0018
3.547  0.0016
3.572  0.0035
3.585  0.0012
3.642  0.0011
3.665  0.0064
3.707  0.0009
3.722  0.0018
3.770  0.0021
3.789  0.0018
3.804  0.0182
3.822  0.0011
3.849  0.0012
3.868  0.0299
3.877  0.0024
3.884  0.0052
3.891  0.0024
3.934  0.0113
3.942  0.0013
3.954  0.0004
4.005  0.0009
4.010  0.0006
4.018  0.0048
4.157  0.0011
4.242  0.0009
4.251  0.0006
4.271  0.0039
4.282  0.0020
4.388  0.0014
4.461  0.0009
4.481  0.0007
4.615  0.0005
4.627  0.0012
4.645  0.0005
4.875  0.0020
4.899  0.0006
4.947  0.0008
4.954  0.0004
5.397  0.0003
