76
0.155  0.1549
0.218  0.0000
0.272  0.0000
0.312  0.0001
0.323  0.0002
0.350  0.0000
0.385  0.0000
0.425  0.0000
0.448  0.0000
0.453  0.0008
0.478  0.0108
0.486  0.0008
0.492  0.0000
0.515  0.0001
0.538  0.0000
0.558  0.0000
0.624  0.0000
0.633  0.0137
0.635  0.0016
0.653  0.0000
0.667  0.0000
0.673  0.0012
0.673  0.0000
0.720  0.0000
0.764  0.0000
0.781  0.0000
0.810  0.0000
0.824  0.0002
0.827  0.0001
0.829  0.0044
0.845  0.0001
0.895  0.0000
0.931  0.0059
0.940  0.0000
0.979  0.0000
0.984  0.0000
0.999  0.0000
1.018  0.0002
1.052  0.0000
1.071  0.0000
1.096  0.0000
1.132  0.0009
1.150  0.0002
1.151  0.0002
1.175  0.0002
1.192  0.0001
1.210  0.0000
1.252  0.0000
1.302  0.0001
1.305  0.0000
1.308  0.0001
1.308  0.0007
1.323  0.0001
1.329  0.0000
1.332  0.0000
1.457  0.0002
1.463  0.0000
1.487  0.0000
1.530  0.0000
1.549  0.0000
1.575  0.0000
1.610  0.0010
1.652  0.0000
1.670  0.0001
1.688  0.0000
1.786  0.0002
1.802  0.0004
1.807  0.0000
1.810  0.0000
1.843  0.0000
1.865  0.0001
1.867  0.0000
1.937  0.0000
1.941  0.0000
1.957  0.0002
2.023  0.0000
