84
0.063  0.0006
0.082  0.0004
0.130  0.0545
0.139  0.0004
0.149  0.0171
0.163  0.0017
0.184  0.0012
0.225  0.0012
0.245  0.0003
0.255  0.0008
0.263  0.0693
0.287  0.0002
0.307  0.0009
0.316  0.1104
0.326  0.0119
0.331  0.0075
0.340  0.0002
0.343  0.0003
0.350  0.0036
0.350  0.0107
0.370  0.0006
0.393  0.0413
0.408  0.0016
0.414  0.0248
0.469  0.1831
0.470  0.0084
0.489  0.0060
0.499  0.0235
0.500  0.0020
0.514  0.0023
0.539  0.0020
0.559  0.0012
0.572  0.0001
0.575  0.0098
0.577  0.0011
0.591  0.0008
0.597  0.0004
0.621  0.0008
0.632  0.0017
0.635  0.0001
0.639  0.0025
0.653  0.0039
0.656  0.0212
0.676  0.1582
0.701  0.0002
0.706  0.0000
0.724  0.4780
0.738  0.0009
0.806  0.0005
0.820  0.0001
0.822  0.0021
0.846  0.0068
0.847  0.0003
0.852  0.0016
0.876  0.0267
0.878  0.0042
0.908  0.0055
0.953  0.0002
0.969  0.0213
0.984  0.0001
0.987  0.0001
1.017  0.0034
1.060  0.0003
1.083  0.0001
1.086  0.0001
1.094  0.0000
1.172  0.0001
1.209  0.0001
1.215  0.0007
1.222  0.0002
1.229  0.0000
1.238  0.0000
1.252  0.0002
1.321  0.0020
1.358  0.0000
1.377  0.0005
1.441  0.0001
1.571  0.0000
1.698  0.0008
1.709  0.0000
1.721  0.0003
1.765  0.0000
1.809  0.0000
1.830  0.0000
