53
0.133  0.0037
0.136  0.1660
0.161  0.0006
0.172  0.0007
0.174  0.0280
0.190  0.0006
0.210  0.0320
0.210  0.0680
0.213  0.0015
0.232  0.0010
0.245  0.0004
0.269  0.0014
0.270  0.0060
0.288  0.0065
0.295  0.0009
0.315  0.0015
0.344  0.0400
0.346  0.1750
0.365  0.0042
0.369  0.0019
0.371  0.0014
0.378  0.0010
0.389  0.0220
0.402  0.0068
0.403  0.0210
0.418  0.0004
0.428  0.0019
0.432  0.0005
0.456  0.0010
0.487  0.0016
0.501  0.0240
0.525  0.0007
0.555  0.0007
0.560  0.0021
0.563  0.0700
0.589  0.0010
0.592  0.0011
0.639  0.0028
0.658  0.0028
0.661  0.0032
0.661  0.0039
0.769  0.0052
0.772  0.0009
0.775  0.0052
0.805  0.0023
0.852  0.0022
0.902  0.0061
0.905  0.0035
0.929  0.0014
0.938  0.0051
0.940  0.0005
1.063  0.0015
1.066  0.0013
