106
0.064  0.0093
0.141  0.0530
0.171  0.0010
0.172  0.0003
0.207  0.0025
0.224  0.0012
0.233  0.0037
0.244  0.0005
0.247  0.0011
0.297  0.0041
0.333  0.0250
0.343  0.0026
0.410  0.0610
0.422  0.0008
0.425  0.0006
0.451  0.0099
0.468  0.0005
0.474  0.1000
0.474  0.0750
0.494  0.0013
0.499  0.0009
0.515  0.0017
0.526  0.0014
0.533  0.0011
0.550  0.0127
0.552  0.0010
0.566  0.0034
0.568  0.0053
0.601  0.0020
0.613  0.0135
0.626  0.0018
0.645  0.0048
0.657  0.0026
0.676  0.0011
0.694  0.0060
0.707  0.0049
0.762  0.0064
0.765  0.0035
0.771  0.0064
0.782  0.0207
0.817  0.0046
0.822  0.0020
0.824  0.0023
0.835  0.0280
0.846  0.0148
0.866  0.0096
0.870  0.0033
0.899  0.0081
0.904  0.0101
0.922  0.0056
0.934  0.0034
0.938  0.0014
0.949  0.0420
0.953  0.0046
0.990  0.0166
1.002  0.0018
1.006  0.0091
1.014  0.0011
1.014  0.0011
1.016  0.0024
1.024  0.0026
1.027  0.0026
1.033  0.0042
1.042  0.0053
1.043  0.0107
1.052  0.0020
1.093  0.0120
1.097  0.0079
1.106  0.0062
1.145  0.0034
1.162  0.0035
1.171  0.0040
1.174  0.0129
1.191  0.0022
1.194  0.0018
1.194  0.0018
1.212  0.0013
1.303  0.0020
1.319  0.0020
1.340  0.0027
1.391  0.0021
1.406  0.0016
1.433  0.0026
1.455  0.0021
1.502  0.0020
1.515  0.0014
1.567  0.0069
1.572  0.0137
1.601  0.0023
1.631  0.0014
1.638  0.0023
1.664  0.0021
1.848  0.0037
1.903  0.0015
1.911  0.0028
1.911  0.0028
1.935  0.0020
1.956  0.0028
1.963  0.0025
1.974  0.0028
2.043  0.0069
2.048  0.0220
2.097  0.0123
2.105  0.0050
2.138  0.0018
2.162  0.0019
