203
0.011  0.1230
0.012  0.0000
0.017  0.0018
0.024  0.0000
0.025  0.0001
0.029  0.0010
0.030  0.0000
0.030  0.0011
0.031  0.0084
0.032  0.0119
0.032  0.0007
0.033  0.0001
0.038  0.0000
0.042  0.0008
0.043  0.0016
0.044  0.0066
0.047  0.0002
0.050  0.0002
0.051  0.0002
0.054  0.0001
0.055  0.0000
0.057  0.0029
0.059  0.0001
0.064  0.0001
0.065  0.0009
0.066  0.0016
0.068  0.0007
0.069  0.0004
0.069  0.0009
0.069  0.0014
0.073  0.0014
0.075  0.0061
0.075  0.0000
0.078  0.0004
0.078  0.0001
0.086  0.0133
0.086  0.0257
0.089  0.0014
0.089  0.0001
0.089  0.0001
0.095  0.0003
0.095  0.0027
0.095  0.0001
0.097  0.0001
0.099  0.0012
0.101  0.0002
0.102  0.0005
0.102  0.0005
0.103  0.0016
0.105  0.0001
0.107  0.0081
0.109  0.0004
0.110  0.0001
0.110  0.0012
0.115  0.0002
0.116  0.0001
0.116  0.0001
0.118  0.0001
0.118  0.0001
0.120  0.0005
0.123  0.0015
0.125  0.0069
0.125  0.0074
0.126  0.0001
0.126  0.0001
0.132  0.0034
0.134  0.0001
0.134  0.0001
0.134  0.0000
0.137  0.0118
0.137  0.0004
0.140  0.0000
0.142  0.0001
0.143  0.0040
0.148  0.0020
0.148  0.0088
0.150  0.0003
0.152  0.0003
0.152  0.0003
0.154  0.0077
0.156  0.0119
0.158  0.0005
0.163  0.0002
0.167  0.0020
0.167  0.0005
0.169  0.0000
0.169  0.0000
0.169  0.0000
0.172  0.0004
0.173  0.0011
0.174  0.0000
0.174  0.0001
0.174  0.0001
0.175  0.0003
0.180  0.0020
0.182  0.0001
0.183  0.0001
0.184  0.0014
0.186  0.0000
0.186  0.0000
0.186  0.0001
0.189  0.0001
0.191  0.0001
0.194  0.0000
0.194  0.0441
0.194  0.0003
0.201  0.0007
0.205  0.0060
0.210  0.0019
0.211  0.0280
0.213  0.0001
0.215  0.0014
0.216  0.0005
0.217  0.0001
0.218  0.0019
0.220  0.0000
0.220  0.0000
0.221  0.0002
0.225  0.0000
0.225  0.0006
0.229  0.0000
0.235  0.0000
0.235  0.0000
0.236  0.0017
0.243  0.0008
0.244  0.0000
0.250  0.0000
0.252  0.0009
0.259  0.0003
0.267  0.0000
0.274  0.0000
0.277  0.0000
0.279  0.0001
0.281  0.0001
0.283  0.0000
0.290  0.0001
0.294  0.0001
0.296  0.0002
0.299  0.0001
0.304  0.0000
0.307  0.0001
0.310  0.0000
0.313  0.0000
0.318  0.0000
0.321  0.0000
0.325  0.0000
0.328  0.0002
0.328  0.0000
0.328  0.0000
0.330  0.0000
0.335  0.0000
0.337  0.0000
0.337  0.0001
0.341  0.0000
0.344  0.0000
0.347  0.0000
0.349  0.0000
0.349  0.0000
0.352  0.0000
0.358  0.0001
0.361  0.0000
0.366  0.0000
0.366  0.0000
0.368  0.0000
0.369  0.0000
0.375  0.0000
0.377  0.0000
0.379  0.0000
0.386  0.0000
0.395  0.0000
0.400  0.0000
0.403  0.0000
0.409  0.0000
0.415  0.0000
0.417  0.0000
0.420  0.0000
0.425  0.0000
0.435  0.0000
0.444  0.0000
0.453  0.0000
0.455  0.0001
0.459  0.0000
0.465  0.0000
0.478  0.0000
0.478  0.0000
0.484  0.0000
0.487  0.0000
0.493  0.0000
0.504  0.0000
0.504  0.0000
0.513  0.0000
0.523  0.0000
0.535  0.0000
0.535  0.0000
0.543  0.0000
0.550  0.0000
0.552  0.0000
0.562  0.0000
0.566  0.0000
0.573  0.0000
0.579  0.0000
0.593  0.0000
0.594  0.0000
