38
0.059  0.0112
0.065  0.0007
0.077  0.0190
0.121  0.0480
0.187  0.0081
0.190  0.0113
0.196  0.1700
0.198  0.5600
0.217  0.0032
0.263  0.0134
0.276  0.0099
0.317  0.0130
0.322  0.0026
0.377  0.0029
0.394  0.1190
0.453  0.0030
0.453  0.0040
0.473  0.0077
0.518  0.0032
0.518  0.0032
0.535  0.0019
0.578  0.0035
0.594  0.0029
0.670  0.0050
0.716  0.0078
0.758  0.0021
0.823  0.0056
0.966  0.0030
0.988  0.0050
0.988  0.0150
1.155  0.0036
1.163  0.0085
1.186  0.0069
1.221  0.0032
1.300  0.0032
1.377  0.0070
1.386  0.0099
1.463  0.0290
