198
0.067  0.0011
0.171  0.0009
0.183  0.0002
0.191  0.0006
0.200  0.0004
0.207  0.0003
0.231  0.0002
0.242  0.0003
0.251  0.0003
0.302  0.0003
0.312  0.6240
0.324  0.0005
0.332  0.0012
0.338  0.0027
0.341  0.0003
0.344  0.0006
0.359  0.0009
0.369  0.0009
0.384  0.0027
0.392  0.0025
0.394  0.0003
0.405  0.0026
0.408  0.2710
0.410  0.0094
0.418  0.0003
0.432  0.0012
0.453  0.0012
0.461  0.0062
0.475  0.0088
0.478  0.0038
0.484  0.0006
0.488  0.0009
0.507  0.0014
0.520  0.0004
0.520  0.0002
0.526  0.0023
0.543  0.0012
0.546  0.0051
0.554  0.0006
0.572  0.0003
0.587  0.0062
0.588  0.0010
0.593  0.0017
0.614  0.0032
0.620  0.0003
0.646  0.0039
0.654  0.0031
0.667  0.0019
0.680  0.0006
0.691  0.0014
0.702  0.0004
0.713  0.0019
0.718  0.0011
0.720  0.0003
0.720  0.0890
0.720  0.0012
0.722  0.0002
0.727  0.0004
0.741  0.0019
0.743  0.0031
0.746  0.0011
0.763  0.0012
0.778  0.0020
0.787  0.0540
0.803  0.0006
0.803  0.0013
0.813  0.0012
0.824  0.0008
0.829  0.0009
0.844  0.0331
0.851  0.0031
0.854  0.0006
0.860  0.0006
0.881  0.0006
0.884  0.0072
0.886  0.0004
0.889  0.0003
0.897  0.0005
0.902  0.0019
0.910  0.0012
0.912  0.0006
0.913  0.0006
0.915  0.0069
0.922  0.0012
0.928  0.0050
0.928  0.0012
0.931  0.0381
0.934  0.0012
0.942  0.0031
0.943  0.0006
0.952  0.0022
0.971  0.0005
0.978  0.0012
0.995  0.0069
0.998  0.0104
1.001  0.0362
1.015  0.0012
1.021  0.0281
1.027  0.0006
1.051  0.0005
1.062  0.0119
1.110  0.0012
1.124  0.0006
1.137  0.0012
1.156  0.0007
1.209  0.0016
1.222  0.0002
1.224  0.0001
1.228  0.0011
1.238  0.0012
1.240  0.0021
1.244  0.0008
1.252  0.0144
1.254  0.0002
1.267  0.0019
1.285  0.0003
1.286  0.0003
1.290  0.0002
1.302  0.0004
1.306  0.0027
1.307  0.0054
1.310  0.0014
1.313  0.0085
1.320  0.0003
1.333  0.1067
1.334  0.0008
1.350  0.0010
1.359  0.0009
1.372  0.0001
1.405  0.0059
1.417  0.0013
1.438  0.0001
1.455  0.0015
1.468  0.0005
1.474  0.0032
1.490  0.0012
1.493  0.0003
1.503  0.0003
1.505  0.0007
1.535  0.0021
1.564  0.0008
1.630  0.0003
1.634  0.0008
1.671  0.0016
1.680  0.0009
1.683  0.0014
1.697  0.0006
1.706  0.0006
1.713  0.0037
1.718  0.0318
1.722  0.0008
1.738  0.0005
1.742  0.0014
1.755  0.0004
1.773  0.0014
1.807  0.0026
1.822  0.0022
1.824  0.0040
1.882  0.0122
1.893  0.0006
1.898  0.0011
1.913  0.0012
1.938  0.0003
1.944  0.0008
1.972  0.0001
2.026  0.0008
2.049  0.0004
2.053  0.0014
2.079  0.0009
2.081  0.0006
2.106  0.0010
2.106  0.0010
2.137  0.0125
2.148  0.0003
2.155  0.0003
2.181  0.0003
2.194  0.0057
2.210  0.0069
2.214  0.0021
2.225  0.0022
2.230  0.0087
2.255  0.0021
2.266  0.0024
2.285  0.0001
2.349  0.0001
2.363  0.0003
2.393  0.0001
2.418  0.0019
2.456  0.0026
2.467  0.0041
2.496  0.0019
2.526  0.0003
2.542  0.0050
2.554  0.0035
2.598  0.0006
2.624  0.0009
2.661  0.0008
2.825  0.0016
