88
0.077  0.0001
0.116  0.0007
0.138  0.0000
0.138  0.0000
0.141  0.0000
0.145  0.0000
0.148  0.0000
0.148  0.0000
0.152  0.0000
0.161  0.0000
0.161  0.0000
0.165  0.0000
0.203  0.0000
0.204  0.0000
0.216  0.0000
0.225  0.0000
0.226  0.0000
0.241  0.0000
0.241  0.0000
0.252  0.0001
0.254  0.0000
0.287  0.0000
0.289  0.0002
0.307  0.0000
0.309  0.0001
0.313  0.0000
0.313  0.0000
0.316  0.0001
0.320  0.0000
0.330  0.0000
0.331  0.0000
0.341  0.0000
0.343  0.0000
0.368  0.1900
0.377  0.0001
0.387  0.0001
0.399  0.0000
0.405  0.0000
0.420  0.0000
0.430  0.0000
0.464  0.0000
0.468  0.0000
0.477  0.0000
0.480  0.0000
0.488  0.0000
0.491  0.0000
0.541  0.0004
0.544  0.0000
0.546  0.0000
0.564  0.0005
0.579  0.0004
0.601  0.0001
0.603  0.0000
0.612  0.0001
0.627  0.0000
0.629  0.0002
0.646  0.0003
0.661  0.0039
0.689  0.0003
0.694  0.0000
0.702  0.0001
0.712  0.0000
0.718  0.0001
0.784  0.0000
0.787  0.0000
0.807  0.0000
0.886  0.0014
0.936  0.0000
1.147  0.0012
1.202  0.0017
1.206  0.0001
1.225  0.1070
1.254  0.0006
1.263  0.0310
1.273  0.0017
1.291  0.0000
1.350  0.0003
1.363  0.0001
1.367  0.0000
1.488  0.0000
1.515  0.0011
1.570  0.0041
1.574  0.0000
1.593  0.0011
1.605  0.0015
1.631  0.0026
1.693  0.0008
1.719  0.0007
