81
0.091  0.0180
0.093  0.0140
0.122  0.2510
0.165  0.0035
0.183  0.0300
0.184  0.0050
0.198  0.5000
0.215  0.4200
0.219  0.0090
0.269  0.0080
0.274  0.0670
0.277  0.0125
0.292  0.0012
0.294  0.0015
0.307  0.0960
0.309  0.0225
0.316  0.0150
0.327  0.0075
0.339  0.0050
0.341  0.0025
0.383  0.0050
0.402  0.0001
0.412  0.0050
0.418  0.1250
0.440  0.0080
0.442  0.0080
0.448  0.0050
0.457  0.0215
0.460  0.0025
0.465  0.0110
0.511  0.3700
0.541  0.0025
0.546  0.0010
0.567  0.0330
0.583  0.0110
0.597  0.0025
0.601  0.0050
0.611  0.0340
0.615  0.2800
0.618  0.0050
0.635  0.0050
0.642  0.0035
0.647  0.0015
0.649  0.0015
0.655  0.0150
0.658  0.0125
0.703  0.0050
0.709  0.0100
0.726  0.0100
0.738  0.2900
0.739  0.1000
0.745  0.0025
0.759  0.0175
0.783  0.0280
0.800  0.0240
0.814  0.0025
0.823  0.0025
0.830  0.0150
0.870  0.0025
0.884  0.0195
0.893  0.0075
0.902  0.0013
0.909  0.0050
0.923  0.0115
0.948  0.0025
1.093  0.0050
1.125  0.0050
1.162  0.0025
1.175  0.0025
1.200  0.0025
1.210  0.0025
1.213  0.0020
1.231  0.0015
1.238  0.0020
1.284  0.0025
1.319  0.0025
1.322  0.0030
1.399  0.0040
1.409  0.0050
1.429  0.0025
1.485  0.0025
