118
0.053  0.0020
0.121  0.0034
0.184  0.0000
0.228  0.0006
0.254  0.0000
0.274  0.0000
0.294  0.0000
0.298  0.0001
0.317  0.0001
0.332  0.0001
0.364  0.0004
0.375  0.0001
0.380  0.0001
0.388  0.0010
0.398  0.0042
0.400  0.0002
0.401  0.0000
0.423  0.0009
0.441  0.0005
0.444  0.0018
0.449  0.0013
0.455  0.0840
0.464  0.0003
0.504  0.0014
0.504  0.0003
0.508  0.0003
0.508  0.0530
0.518  0.0043
0.571  0.0011
0.582  0.0055
0.608  0.0001
0.624  0.0015
0.629  0.0024
0.652  0.0004
0.678  0.0018
0.728  0.0048
0.735  0.0010
0.751  0.0015
0.773  0.0024
0.781  0.0039
0.789  0.0055
0.836  0.0002
0.839  0.0001
0.840  0.0018
0.867  0.0048
0.878  0.0008
0.893  0.0071
0.898  0.0026
0.914  0.0010
0.919  0.0029
0.952  0.0085
0.957  0.0045
0.959  0.0019
0.968  0.0010
0.978  0.0006
0.991  0.0010
0.999  0.0023
1.010  0.0025
1.026  0.0017
1.043  0.0008
1.053  0.0015
1.068  0.0007
1.148  0.0040
1.188  0.0011
1.199  0.0015
1.227  0.0100
1.244  0.0360
1.252  0.0007
1.267  0.0042
1.303  0.0055
1.312  0.0015
1.322  0.0072
1.348  0.0160
1.375  0.0120
1.395  0.0017
1.401  0.0034
1.432  0.0020
1.456  0.0015
1.537  0.0007
1.574  0.0019
1.585  0.0018
1.625  0.0012
1.637  0.0016
1.643  0.0009
1.675  0.0008
1.692  0.0061
1.696  0.0024
1.718  0.0066
1.722  0.0067
1.758  0.0089
1.770  0.0010
1.775  0.0110
1.789  0.0003
1.797  0.0008
1.805  0.0005
1.811  0.0018
1.840  0.0009
1.897  0.0054
1.903  0.0076
1.914  0.0057
1.920  0.0044
1.950  0.0130
1.957  0.0045
1.967  0.0008
1.971  0.0004
1.974  0.0004
2.001  0.0037
2.010  0.0008
2.025  0.0005
2.070  0.0030
2.099  0.0054
2.123  0.0060
2.152  0.0003
2.230  0.0009
2.245  0.0003
2.283  0.0012
2.299  0.0006
2.314  0.0004
