49
0.258  0.0001
0.258  0.0001
0.271  0.0011
0.282  0.0002
0.286  0.0001
0.311  0.0001
0.332  0.0140
0.351  0.0026
0.363  0.0000
0.387  0.0000
0.434  0.0002
0.470  0.0150
0.524  0.0001
0.563  0.0002
0.653  0.0004
0.684  0.0001
0.800  0.0110
0.822  0.0430
0.891  0.0001
0.893  0.0029
0.903  0.0001
0.912  0.0001
0.916  0.0410
0.935  0.0021
1.017  0.0032
1.067  0.1000
1.088  0.0120
1.089  0.0460
1.111  0.0001
1.137  0.0000
1.151  0.0011
1.164  0.0003
1.173  0.0018
1.186  0.0001
1.199  0.0002
1.208  0.0001
1.221  0.0027
1.259  0.0003
1.349  0.0006
1.420  0.0049
1.557  0.0000
1.591  0.0003
1.807  0.0015
1.890  0.0007
1.983  0.0000
2.002  0.0190
2.201  0.0004
2.227  0.0000
2.276  0.0018
