57
0.067  0.0001
0.072  0.0026
0.091  0.0001
0.131  0.0000
0.243  0.0000
0.263  0.0000
0.263  0.0000
0.303  0.0001
0.319  0.0001
0.352  0.0004
0.354  0.0000
0.365  0.0000
0.402  0.0000
0.467  0.0000
0.476  0.0000
0.493  0.0003
0.505  0.0000
0.516  0.0001
0.606  0.0000
0.624  0.0002
0.658  0.0006
0.676  0.0051
0.708  0.0001
0.713  0.0001
0.748  0.0053
0.779  0.0000
0.780  0.0000
0.848  0.0007
0.864  0.0000
0.869  0.0000
0.869  0.0000
0.921  0.0015
0.937  0.0000
0.979  0.0026
1.011  0.0000
1.013  0.0001
1.018  0.0001
1.051  0.0017
1.089  0.0001
1.090  0.0000
1.094  0.0001
1.150  0.0019
1.161  0.0001
1.162  0.0001
1.177  0.0000
1.182  0.0000
1.213  0.0000
1.218  0.0000
1.250  0.0000
1.266  0.0000
1.271  0.0000
1.285  0.0000
1.331  0.0001
1.337  0.0000
1.339  0.0000
1.404  0.0000
1.527  0.0000
