160
0.137  0.0008
0.137  0.0008
0.147  0.0024
0.184  0.0014
0.234  0.0003
0.251  0.0002
0.251  0.0002
0.255  0.0024
0.255  0.0001
0.263  0.0128
0.278  0.0004
0.278  0.0004
0.285  0.0071
0.302  0.0000
0.307  0.0010
0.307  0.0010
0.310  0.0009
0.310  0.0009
0.317  0.0013
0.344  0.0009
0.355  0.0005
0.355  0.0005
0.363  0.0049
0.388  0.0030
0.388  0.0030
0.388  0.0030
0.417  0.0047
0.432  0.0047
0.445  0.0010
0.446  0.0060
0.474  0.0017
0.478  0.0017
0.488  0.0041
0.488  0.0041
0.506  0.0493
0.523  0.1600
0.535  0.0051
0.540  0.0011
0.540  0.0011
0.547  0.0114
0.560  0.0009
0.573  0.0006
0.573  0.0006
0.591  0.0007
0.591  0.0007
0.600  0.0013
0.600  0.0013
0.621  0.0039
0.621  0.0158
0.630  0.1330
0.650  0.0257
0.668  0.9870
0.670  0.0460
0.671  0.0350
0.684  0.0004
0.688  0.0004
0.706  0.0002
0.727  0.0220
0.727  0.0320
0.728  0.0160
0.772  0.0002
0.773  0.7560
0.780  0.0118
0.784  0.0038
0.791  0.0010
0.809  0.0260
0.812  0.0550
0.831  0.0003
0.848  0.0002
0.863  0.0056
0.866  0.0004
0.866  0.0004
0.877  0.0104
0.886  0.0003
0.889  0.0004
0.889  0.0004
0.904  0.0001
0.910  0.0093
0.927  0.0041
0.947  0.0004
0.955  0.1760
0.966  0.0004
0.984  0.0059
0.996  0.0003
1.002  0.0003
1.002  0.0003
1.005  0.0002
1.009  0.0005
1.035  0.0051
1.050  0.0005
1.082  0.0004
1.082  0.0004
1.086  0.0008
1.097  0.0004
1.112  0.0007
1.127  0.0005
1.127  0.0005
1.136  0.0301
1.143  0.0135
1.148  0.0027
1.173  0.0109
1.243  0.0001
1.254  0.0006
1.264  0.0003
1.273  0.0017
1.291  0.0113
1.295  0.0188
1.298  0.0089
1.314  0.0006
1.318  0.0012
1.372  0.0247
1.391  0.0001
1.399  0.0701
1.411  0.0004
1.443  0.0140
1.450  0.0001
1.457  0.0005
1.477  0.0013
1.520  0.0008
1.542  0.0002
1.593  0.0005
1.618  0.0001
1.619  0.0001
1.637  0.0001
1.637  0.0001
1.644  0.0001
1.661  0.0002
1.671  0.0002
1.715  0.0006
1.727  0.0007
1.752  0.0003
1.757  0.0030
1.760  0.0006
1.778  0.0008
1.786  0.0001
1.786  0.0001
1.814  0.0002
1.879  0.0001
1.914  0.0003
1.921  0.0123
1.986  0.0001
2.002  0.0114
2.087  0.0026
2.173  0.0021
2.187  0.0001
2.223  0.0012
2.249  0.0003
2.291  0.0000
2.390  0.0019
2.409  0.0001
2.417  0.0000
2.444  0.0001
2.455  0.0000
2.488  0.0000
2.525  0.0004
2.546  0.0000
2.570  0.0000
2.594  0.0000
2.654  0.0000
2.718  0.0000
