79
0.007  0.0000
0.029  0.0001
0.036  0.0001
0.041  0.0000
0.044  0.0000
0.070  0.0002
0.072  0.1355
0.077  0.0001
0.093  0.0001
0.100  0.0001
0.104  0.0001
0.107  0.0003
0.107  0.0003
0.114  0.0009
0.116  0.0001
0.124  0.0000
0.134  0.1036
0.139  0.0001
0.141  0.0001
0.154  0.0002
0.166  0.0000
0.169  0.0000
0.179  0.0001
0.198  0.0000
0.206  0.0015
0.208  0.0000
0.239  0.0010
0.246  0.0014
0.261  0.0001
0.263  0.0001
0.276  0.0000
0.303  0.0000
0.353  0.0000
0.374  0.0000
0.376  0.0000
0.455  0.0004
0.480  0.2660
0.484  0.0002
0.491  0.0003
0.512  0.0081
0.552  0.0614
0.565  0.0001
0.574  0.0000
0.576  0.0001
0.582  0.0039
0.589  0.0015
0.613  0.0000
0.618  0.0757
0.626  0.0131
0.639  0.0000
0.639  0.0000
0.641  0.0004
0.647  0.0000
0.682  0.0001
0.686  0.3320
0.693  0.0000
0.727  0.0004
0.730  0.0001
0.745  0.0037
0.767  0.0000
0.773  0.0502
0.795  0.0003
0.817  0.0001
0.826  0.0000
0.827  0.0000
0.836  0.0001
0.845  0.0000
0.865  0.0041
0.879  0.0017
0.934  0.0001
0.960  0.0000
0.969  0.0005
1.001  0.0000
1.056  0.0000
1.087  0.0000
1.096  0.0000
1.190  0.0000
1.221  0.0000
1.230  0.0000
