63
0.147  0.0008
0.329  0.0005
0.470  0.0017
0.475  0.0019
0.644  0.0007
0.700  0.0002
0.772  0.0001
0.781  0.0005
0.918  0.0008
1.175  0.0004
1.225  0.0001
1.315  0.0001
1.332  0.0001
1.462  0.0001
1.612  0.0000
1.626  0.0002
1.700  0.0003
1.750  0.0235
1.897  0.0001
1.912  0.0001
1.956  0.0000
2.226  0.0032
2.274  0.0001
2.940  0.0001
3.087  0.0001
3.213  0.0001
3.257  0.0001
3.615  0.0000
3.701  0.0001
3.731  0.0001
3.827  0.0001
3.862  0.0003
3.992  0.0000
4.044  0.0000
4.071  0.0000
4.120  0.0001
4.160  0.0000
4.163  0.0001
4.334  0.0000
4.512  0.0001
4.563  0.0000
4.737  0.0001
4.839  0.0002
4.895  0.0003
4.914  0.0001
4.929  0.0002
5.228  0.0001
5.272  0.0001
5.442  0.0001
5.502  0.0001
5.539  0.0001
5.551  0.0004
5.574  0.0001
5.601  0.0003
5.719  0.0002
5.783  0.0000
5.804  0.0001
5.838  0.0001
5.847  0.0001
5.915  0.0001
5.934  0.0003
6.142  0.0000
6.231  0.0001
