209
0.013  0.0000
0.026  0.0031
0.046  0.0001
0.051  0.0000
0.052  0.0018
0.053  0.0004
0.055  0.0012
0.056  0.0004
0.058  0.0003
0.069  0.0220
0.071  0.0004
0.072  0.0008
0.080  0.0074
0.082  0.0052
0.083  0.0002
0.085  0.0001
0.086  0.0058
0.087  0.0014
0.088  0.0060
0.088  0.0013
0.088  0.0001
0.090  0.0021
0.100  0.0030
0.101  0.0091
0.105  0.0042
0.107  0.0060
0.119  0.0003
0.122  0.0062
0.135  0.0029
0.137  0.0042
0.141  0.0260
0.143  0.0011
0.144  0.0028
0.146  0.0002
0.148  0.0046
0.159  0.0068
0.160  0.0092
0.161  0.0018
0.163  0.0059
0.172  0.0120
0.174  0.0030
0.176  0.0019
0.207  0.0097
0.216  0.0023
0.230  0.0010
0.232  0.0008
0.242  0.0008
0.244  0.0030
0.283  0.0013
0.320  0.0005
0.352  0.0005
0.361  0.0039
0.382  0.0002
0.385  0.0005
0.398  0.0004
0.403  0.0019
0.405  0.0005
0.417  0.0430
0.421  0.0001
0.425  0.0003
0.440  0.0011
0.441  0.0017
0.459  0.0039
0.461  0.0018
0.462  0.0036
0.465  0.0009
0.478  0.0005
0.492  0.0134
0.493  0.0012
0.504  0.0003
0.506  0.0030
0.510  0.0014
0.514  0.0004
0.518  0.0005
0.521  0.0008
0.523  0.0087
0.527  0.0009
0.528  0.0009
0.540  0.0022
0.540  0.0007
0.540  0.0007
0.544  0.0003
0.547  0.0079
0.548  0.0014
0.549  0.0043
0.550  0.0024
0.563  0.0007
0.566  0.0053
0.568  0.0031
0.576  0.0023
0.590  0.0010
0.591  0.0012
0.591  0.0006
0.593  0.0670
0.596  0.0007
0.605  0.0011
0.611  0.0023
0.620  0.0009
0.622  0.0104
0.635  0.0043
0.636  0.0380
0.637  0.0092
0.648  0.0006
0.648  0.0004
0.650  0.0224
0.655  0.0300
0.667  0.0011
0.670  0.0016
0.673  0.0027
0.674  0.0004
0.699  0.0002
0.705  0.0004
0.724  0.0169
0.735  0.0019
0.737  0.0024
0.744  0.0008
0.751  0.0002
0.752  0.0030
0.754  0.0015
0.782  0.0007
0.783  0.0005
0.791  0.0002
0.794  0.0003
0.800  0.0003
0.811  0.0001
0.812  0.0001
0.816  0.0006
0.819  0.0033
0.822  0.0003
0.827  0.0003
0.830  0.0005
0.835  0.0004
0.842  0.0011
0.847  0.0015
0.851  0.0005
0.859  0.0004
0.863  0.0004
0.867  0.0007
0.882  0.0007
0.883  0.0004
0.883  0.0014
0.893  0.0002
0.895  0.0012
0.898  0.0013
0.901  0.0004
0.914  0.0007
0.916  0.0007
0.931  0.0006
0.942  0.0014
0.944  0.0009
0.948  0.0035
0.960  0.0009
0.977  0.0002
0.983  0.0003
0.992  0.0002
0.996  0.0002
0.998  0.0006
1.002  0.0009
1.032  0.0012
1.038  0.0006
1.077  0.0004
1.090  0.0006
1.099  0.0005
1.103  0.0002
1.107  0.0002
1.139  0.0003
1.155  0.0006
1.157  0.0005
1.170  0.0004
1.175  0.0004
1.187  0.0006
1.208  0.0004
1.210  0.0005
1.221  0.0003
1.240  0.0017
1.258  0.0004
1.269  0.0007
1.277  0.0003
1.296  0.0014
1.298  0.0011
1.308  0.0010
1.310  0.0002
1.316  0.0003
1.318  0.0017
1.329  0.0009
1.333  0.0010
1.351  0.0004
1.359  0.0002
1.367  0.0004
1.369  0.0003
1.371  0.0003
1.375  0.0005
1.380  0.0003
1.386  0.0003
1.395  0.0002
1.402  0.0004
1.403  0.0013
1.406  0.0009
1.410  0.0013
1.423  0.0008
1.440  0.0006
1.451  0.0003
1.473  0.0002
1.492  0.0004
1.513  0.0002
1.535  0.0003
1.540  0.0005
1.547  0.0003
1.566  0.0001
