47
0.230  0.0030
0.340  0.0007
0.355  0.0030
0.382  0.0056
0.448  0.0004
0.561  0.0008
0.605  0.0170
0.737  0.0129
0.802  0.0600
0.882  0.4200
0.948  0.0035
0.956  0.0006
0.987  0.0079
1.006  0.0046
1.016  0.0620
1.083  0.0014
1.119  0.0014
1.185  0.0011
1.213  0.0260
1.256  0.0005
1.438  0.0006
1.464  0.0200
1.535  0.0010
1.578  0.0067
1.608  0.0040
1.741  0.0160
1.808  0.0004
1.819  0.0024
1.877  0.0112
1.898  0.1460
2.030  0.0210
2.094  0.0021
2.201  0.0116
2.219  0.0007
2.484  0.0670
2.594  0.0014
2.623  0.0030
2.759  0.0049
2.824  0.0112
2.989  0.0017
3.045  0.0250
3.202  0.0021
3.235  0.0200
3.366  0.0290
3.928  0.0680
4.085  0.0027
4.116  0.0000
