86
0.075  0.0450
0.076  0.0004
0.093  0.0130
0.152  0.0004
0.155  0.0012
0.160  0.0050
0.170  0.0058
0.174  0.0230
0.177  0.0420
0.191  0.0096
0.204  0.0012
0.226  0.0050
0.243  0.0037
0.282  0.0171
0.283  0.0025
0.306  0.0008
0.308  0.0017
0.312  0.0520
0.332  0.0108
0.373  0.0008
0.403  0.0179
0.407  0.0033
0.434  0.0092
0.445  0.0033
0.460  0.0004
0.463  0.0460
0.468  0.0090
0.480  0.0029
0.518  0.0042
0.539  0.0054
0.566  0.0420
0.575  0.0017
0.578  0.0008
0.595  0.0012
0.615  0.0550
0.622  0.0071
0.633  0.0146
0.637  0.0187
0.642  0.1250
0.685  0.1500
0.688  0.0075
0.712  0.4200
0.715  0.3200
0.723  0.0004
0.736  0.0092
0.742  0.0870
0.791  0.0170
0.802  0.0033
0.814  0.0067
0.818  0.0046
0.878  0.0042
0.889  0.0240
0.929  0.0570
0.951  0.0054
0.965  0.1330
1.034  0.0380
1.057  0.0025
1.105  0.0220
1.110  0.0070
1.117  0.0370
1.151  0.0920
1.171  0.0162
1.203  0.0046
1.227  0.0130
1.268  0.0250
1.296  0.0070
1.321  0.0083
1.334  0.0410
1.357  0.0087
1.366  0.0042
1.372  0.0067
1.384  0.0058
1.387  0.0079
1.418  0.0033
1.427  0.0160
1.504  0.0400
1.570  0.0067
1.574  0.0017
1.609  0.0004
1.727  0.0004
1.826  0.0029
1.835  0.0108
1.871  0.0004
2.022  0.0054
2.378  0.0033
2.429  0.0021
