69
0.111  0.0000
0.203  0.0001
0.245  0.0001
0.294  0.0250
0.301  0.0035
0.328  0.1310
0.365  0.0004
0.418  0.0000
0.483  0.0005
0.530  0.0002
0.589  0.0013
0.594  0.0007
0.608  0.0000
0.621  0.0001
0.622  0.0034
0.645  0.0118
0.699  0.0000
0.701  0.0003
0.811  0.0000
0.857  0.0001
0.859  0.0000
0.890  0.0005
0.925  0.0001
0.939  0.0060
1.000  0.0005
1.008  0.0000
1.049  0.0003
1.104  0.0003
1.151  0.0060
1.156  0.0000
1.175  0.0006
1.184  0.0030
1.186  0.0001
1.219  0.0006
1.294  0.0004
1.308  0.0000
1.342  0.0004
1.422  0.0000
1.431  0.0000
1.433  0.0000
1.442  0.0000
1.450  0.0000
1.463  0.0001
1.469  0.0019
1.487  0.0002
1.492  0.0000
1.512  0.0002
1.512  0.0001
1.519  0.0000
1.565  0.0002
1.596  0.0000
1.602  0.0000
1.622  0.0006
1.671  0.0001
1.675  0.0000
1.715  0.0000
1.725  0.0000
1.735  0.0000
1.757  0.0000
1.778  0.0000
1.781  0.0000
1.786  0.0000
1.797  0.0002
1.806  0.0003
1.812  0.0000
1.830  0.0000
1.924  0.0000
2.044  0.0001
2.114  0.0000
