51
0.045  0.0012
0.057  0.0002
0.104  0.0008
0.222  0.0011
0.244  0.0023
0.279  0.0053
0.300  0.0015
0.334  0.0082
0.367  0.0078
0.423  0.0095
0.527  0.0031
0.538  0.0058
0.551  0.0108
0.584  0.0010
0.595  0.0032
0.617  0.0021
0.642  0.3700
0.674  0.0021
0.688  0.0990
0.861  0.0076
0.870  0.0069
0.874  0.0051
0.884  0.0008
0.917  0.0137
0.921  0.0040
0.942  0.0087
0.958  0.0084
0.967  0.0091
0.975  0.0019
1.006  0.0008
1.023  0.0058
1.065  0.0032
1.178  0.0036
1.226  0.0080
1.235  0.0109
1.292  0.0109
1.560  0.0220
1.605  0.0040
1.617  0.0091
1.662  0.0060
1.763  0.0600
1.808  0.0224
1.865  0.0024
1.927  0.0102
1.934  0.0107
1.973  0.0102
1.981  0.0051
2.041  0.0167
2.079  0.0005
2.087  0.0093
2.182  0.0018
