53
0.535  0.0051
0.600  0.0025
0.612  0.0119
0.653  0.7900
0.716  0.0058
0.753  0.0034
0.799  0.0142
0.847  0.0900
0.858  0.0158
0.929  0.0018
0.942  0.0028
0.960  0.0027
0.988  0.0150
1.005  0.1370
1.016  0.0390
1.146  0.0095
1.252  0.0600
1.404  0.0030
1.408  0.0058
1.469  0.0056
1.516  0.0087
1.540  0.0540
1.611  0.0024
1.658  0.0920
1.789  0.0047
1.896  0.0063
1.917  0.0111
1.993  0.0550
2.004  0.0316
2.041  0.0103
2.050  0.0043
2.095  0.0095
2.169  0.0119
2.207  0.0126
2.236  0.0190
2.256  0.0440
2.409  0.0440
2.518  0.0095
2.540  0.0087
2.594  0.0134
2.770  0.0087
2.859  0.0229
2.922  0.0126
3.009  0.0284
3.055  0.0182
3.100  0.0261
3.213  0.0119
3.246  0.0055
3.348  0.0245
3.477  0.0229
3.707  0.0174
3.865  0.0780
3.942  0.0111
