69
0.119  0.1540
0.213  0.7300
0.245  0.0055
0.314  0.0007
0.318  0.0015
0.352  0.0126
0.416  0.0025
0.497  0.0087
0.513  0.0018
0.547  0.0200
0.612  0.0050
0.617  0.0690
0.632  0.0080
0.643  0.0042
0.666  0.0770
0.742  0.0440
0.755  0.0028
0.833  0.0066
0.865  0.0230
0.879  0.0400
0.885  0.0072
0.908  0.0045
0.919  0.0014
0.978  0.0069
0.984  0.0124
1.039  0.0061
1.060  0.0640
1.082  0.0250
1.109  0.0073
1.111  0.0073
1.186  0.0026
1.196  0.0370
1.229  0.0150
1.330  0.0020
1.441  0.0033
1.477  0.0127
1.551  0.0082
1.595  0.0180
1.608  0.0110
1.637  0.0047
1.725  0.0068
1.808  0.0120
1.815  0.0021
1.892  0.0170
1.938  0.0071
2.017  0.0076
2.182  0.0031
2.240  0.0131
2.375  0.0015
2.396  0.0092
2.439  0.0660
2.480  0.0340
2.515  0.0610
2.558  0.0041
2.601  0.0450
2.634  0.0080
2.693  0.0023
2.719  0.0080
2.728  0.0035
2.739  0.0024
2.770  0.0570
2.846  0.0420
2.932  0.0270
3.359  0.0083
3.572  0.0064
3.744  0.0048
3.957  0.0054
4.076  0.0038
4.288  0.0017
