57
0.165  0.0170
0.197  0.0018
0.222  0.0130
0.225  0.0001
0.241  0.7660
0.247  0.0237
0.259  0.0016
0.366  0.0069
0.372  0.1820
0.421  0.0024
0.423  0.0530
0.424  0.0340
0.472  0.0048
0.536  0.0018
0.613  0.1460
0.619  0.1150
0.733  0.0064
0.784  0.0051
0.796  0.0084
0.844  0.0030
0.853  0.0031
0.897  0.0184
0.961  0.0069
1.025  0.0085
1.044  0.0057
1.156  0.0530
1.187  0.0130
1.225  0.0237
1.271  0.0123
1.282  0.0041
1.293  0.0054
1.315  0.0100
1.391  0.0222
1.396  0.0153
1.415  0.0034
1.415  0.0230
1.540  0.0320
1.579  0.0146
1.643  0.0100
1.675  0.0028
1.738  0.0061
1.806  0.0291
1.845  0.0054
1.869  0.0046
1.902  0.0077
1.964  0.0067
2.026  0.0092
2.047  0.0290
2.083  0.0038
2.097  0.0032
2.126  0.0153
2.212  0.0061
2.251  0.0123
2.333  0.0075
2.393  0.0169
2.407  0.0077
2.459  0.0146
