185
0.068  0.0000
0.113  0.0078
0.114  0.0011
0.146  0.0002
0.161  0.0003
0.163  0.0044
0.166  0.0002
0.181  0.0055
0.190  0.4480
0.213  0.0002
0.235  0.0005
0.243  0.0008
0.254  0.0001
0.260  0.0002
0.277  0.2360
0.282  0.0012
0.304  0.2610
0.321  0.0001
0.344  0.1510
0.349  0.0034
0.354  0.0001
0.360  0.0001
0.364  0.0063
0.381  0.0014
0.390  0.0137
0.419  0.0006
0.450  0.0002
0.456  0.0010
0.458  0.0500
0.462  0.0510
0.462  0.0004
0.467  0.0560
0.486  0.0007
0.497  0.0003
0.510  0.0008
0.523  0.0072
0.524  0.0045
0.527  0.0037
0.542  0.0004
0.561  0.0012
0.572  0.0028
0.589  0.0003
0.595  0.0003
0.599  0.0027
0.609  0.0026
0.625  0.0345
0.636  0.0031
0.641  0.0037
0.648  0.0570
0.655  0.0002
0.670  0.0015
0.675  0.0025
0.685  0.0043
0.687  0.0012
0.699  0.0042
0.701  0.0011
0.705  0.0033
0.721  0.0002
0.735  0.0001
0.739  0.0439
0.741  0.0002
0.749  0.0002
0.754  0.0008
0.762  0.0020
0.774  0.0002
0.778  0.0011
0.796  0.0003
0.801  0.0011
0.805  0.0004
0.806  0.0008
0.816  0.0001
0.827  0.0048
0.831  0.0164
0.833  0.0014
0.841  0.0005
0.846  0.0006
0.868  0.0014
0.876  0.0345
0.881  0.0011
0.881  0.0017
0.885  0.0005
0.909  0.0011
0.917  0.0003
0.929  0.0072
0.943  0.0075
0.958  0.0001
0.959  0.0004
0.967  0.0002
0.980  0.0007
0.982  0.0070
0.997  0.0013
1.008  0.0004
1.012  0.0012
1.034  0.0032
1.039  0.0007
1.046  0.0031
1.055  0.0005
1.080  0.0001
1.093  0.0007
1.094  0.0016
1.122  0.0002
1.136  0.0004
1.155  0.0003
1.161  0.0112
1.177  0.0003
1.187  0.0002
1.197  0.0435
1.214  0.0002
1.225  0.0039
1.236  0.0012
1.265  0.0077
1.273  0.0050
1.278  0.0063
1.297  0.0001
1.301  0.0008
1.309  0.0018
1.311  0.0075
1.324  0.0092
1.346  0.0016
1.357  0.0013
1.361  0.0003
1.377  0.0069
1.385  0.0002
1.390  0.0005
1.405  0.0025
1.436  0.0065
1.438  0.0013
1.446  0.0007
1.456  0.0010
1.458  0.0063
1.477  0.0001
1.495  0.0001
1.502  0.0032
1.526  0.0002
1.532  0.0002
1.539  0.0004
1.540  0.0004
1.550  0.0026
1.568  0.0021
1.569  0.0006
1.600  0.0005
1.622  0.0006
1.642  0.0005
1.654  0.0064
1.654  0.0001
1.679  0.0003
1.682  0.0119
1.713  0.0017
1.728  0.0007
1.736  0.0015
1.741  0.0028
1.749  0.0001
1.771  0.0001
1.796  0.0037
1.805  0.0000
1.821  0.0008
1.860  0.0007
1.868  0.0001
1.876  0.0003
1.912  0.0013
1.918  0.0005
1.990  0.0017
2.002  0.0000
2.023  0.0000
2.026  0.0036
2.041  0.0001
2.052  0.0001
2.081  0.0002
2.120  0.0001
2.124  0.0000
2.137  0.0008
2.161  0.0000
2.165  0.0016
2.181  0.0000
2.195  0.0008
2.228  0.0001
2.278  0.0008
2.304  0.0002
2.308  0.0000
2.397  0.0000
2.469  0.0000
2.469  0.0020
2.509  0.0001
2.652  0.0000
2.766  0.0000
