42
0.308  0.0006
0.382  0.0202
0.551  0.0490
0.588  0.0017
0.695  0.0019
0.753  0.0140
0.888  0.0008
0.919  0.5600
1.002  0.0006
1.067  0.0006
1.139  0.0600
1.162  0.0069
1.233  0.0033
1.237  0.0013
1.304  0.0004
1.412  0.0008
1.447  0.0025
1.671  0.0250
1.892  0.0039
1.905  0.0003
1.927  0.0004
1.989  0.0004
2.141  0.0095
2.255  0.0003
2.300  0.0018
2.442  0.0014
2.492  0.0021
2.527  0.0020
2.566  0.0006
2.662  0.0003
2.806  0.0003
2.846  0.0037
2.899  0.0010
2.908  0.0004
2.967  0.0001
2.998  0.0002
3.319  0.0005
3.719  0.0001
3.751  0.0001
4.002  0.0001
4.052  0.0001
4.098  0.0002
