99
0.089  0.0840
0.139  0.0001
0.160  0.0001
0.190  0.0002
0.199  0.0074
0.216  0.0001
0.281  0.0001
0.290  0.0001
0.317  0.0006
0.336  0.0001
0.348  0.0001
0.354  0.0001
0.434  0.0021
0.473  0.0014
0.490  0.0016
0.495  0.0001
0.499  0.0007
0.555  0.0002
0.586  0.0001
0.586  0.0005
0.599  0.0208
0.626  0.0002
0.633  0.0004
0.646  0.0630
0.660  0.0001
0.707  0.0007
0.710  0.0088
0.723  0.0540
0.769  0.0009
0.778  0.0003
0.784  0.0005
0.798  0.0011
0.812  0.0970
0.820  0.0017
0.837  0.0008
0.839  0.0003
0.841  0.0021
0.858  0.0020
0.866  0.0019
0.867  0.0133
0.872  0.0004
0.904  0.0004
0.916  0.0003
0.929  0.0003
0.944  0.0133
0.947  0.0029
0.961  0.0145
0.961  0.0015
0.970  0.0037
1.012  0.0031
1.018  0.0008
1.027  0.0013
1.037  0.0005
1.040  0.0050
1.065  0.0490
1.076  0.0034
1.079  0.0460
1.102  0.0004
1.116  0.0005
1.129  0.0014
1.141  0.0028
1.154  0.0680
1.154  0.0470
1.156  0.0013
1.164  0.0007
1.169  0.0027
1.187  0.0001
1.220  0.0002
1.231  0.0800
1.242  0.0660
1.258  0.0009
1.277  0.0289
1.366  0.0157
1.626  0.0005
1.682  0.0027
1.857  0.0024
1.873  0.0006
1.877  0.0151
1.938  0.0194
1.946  0.0017
1.966  0.0390
2.027  0.0330
2.033  0.0013
2.098  0.0380
2.111  0.0008
2.116  0.0011
2.121  0.0000
2.171  0.0003
2.181  0.0214
2.187  0.0350
2.205  0.0088
2.212  0.0010
2.256  0.0001
2.260  0.0001
2.270  0.0103
2.293  0.0002
2.301  0.0001
2.344  0.0000
2.361  0.0002
