36
0.209  0.0014
0.360  0.2700
0.457  0.0011
0.475  0.0030
0.933  0.0054
0.967  0.0900
1.015  0.0019
1.065  0.0090
1.101  0.0027
1.176  0.0420
1.243  0.0049
1.280  0.0199
1.326  0.1290
1.333  0.0052
1.422  0.0073
1.424  0.0103
1.768  0.0052
1.818  0.0033
1.935  0.0034
1.957  0.0025
1.982  0.0120
2.246  0.0038
2.342  0.0019
2.394  0.0005
2.398  0.0072
2.523  0.0024
2.785  0.0013
2.882  0.0037
2.924  0.0047
2.939  0.0012
3.144  0.0015
3.262  0.0017
3.283  0.0056
3.573  0.0063
4.009  0.0007
4.369  0.0029
