49
0.118  0.0001
0.206  0.0001
0.272  0.0153
0.290  0.0058
0.467  0.0008
0.562  0.0005
0.596  0.0003
0.658  0.1080
0.700  0.0003
0.767  0.0018
0.776  0.0008
0.801  0.0002
0.822  0.0003
0.948  0.1000
0.975  0.0006
1.025  0.0025
1.032  0.6300
1.057  0.0003
1.081  0.0003
1.139  0.0001
1.220  0.0024
1.228  0.0013
1.234  0.0003
1.248  0.4600
1.420  0.0010
1.473  0.0038
1.501  0.0021
1.538  0.0277
1.644  0.0003
1.770  0.0001
1.940  0.0036
1.980  0.0003
2.007  0.0258
2.058  0.0025
2.110  0.0002
2.196  0.1450
2.280  0.0020
2.373  0.0001
2.452  0.0006
2.570  0.1070
2.707  0.0220
2.955  0.0001
3.228  0.0008
3.304  0.0001
3.509  0.0125
3.652  0.0004
3.845  0.0003
3.989  0.0002
4.094  0.0008
