83
0.298  0.0012
0.393  0.0014
0.455  0.3100
0.482  0.0001
0.595  0.0008
0.633  0.0000
0.683  0.0002
0.715  0.0001
0.751  0.0002
0.802  0.0000
0.849  0.0062
0.934  0.0008
0.982  0.0021
1.067  0.0005
1.067  0.0005
1.102  0.0002
1.109  0.0005
1.114  0.0009
1.119  0.0011
1.185  0.0008
1.196  0.0005
1.219  0.0000
1.232  0.0000
1.236  0.0000
1.251  0.0001
1.273  0.0023
1.280  0.0001
1.328  0.0003
1.461  0.0002
1.519  0.0000
1.564  0.0001
1.570  0.0009
1.575  0.0007
1.577  0.0010
1.594  0.0000
1.613  0.0012
1.644  0.0000
1.651  0.0000
1.665  0.0005
1.721  0.0000
1.726  0.0000
1.761  0.0001
1.783  0.0041
1.868  0.0002
1.908  0.0001
1.916  0.0010
1.933  0.0000
1.947  0.0000
1.975  0.0000
2.000  0.0002
2.003  0.0001
2.068  0.0001
2.084  0.0001
2.096  0.0001
2.099  0.0001
2.188  0.0001
2.212  0.0000
2.217  0.0000
2.255  0.0000
2.287  0.0000
2.304  0.0000
2.311  0.0000
2.368  0.0001
2.394  0.0008
2.463  0.0000
2.490  0.0000
2.529  0.0000
2.582  0.0002
2.639  0.0000
2.735  0.0000
2.850  0.0018
2.922  0.0002
3.037  0.0000
3.159  0.0001
3.377  0.0000
3.452  0.0000
3.584  0.0000
3.694  0.0001
3.737  0.0000
3.907  0.0000
3.941  0.0000
3.956  0.0000
3.976  0.0000
