92
0.055  0.0197
0.106  0.0790
0.152  0.0420
0.161  0.0840
0.168  0.0037
0.189  0.2810
0.195  0.0034
0.197  0.0034
0.219  0.0118
0.236  0.0042
0.247  0.0090
0.285  0.0177
0.291  0.0135
0.306  0.0590
0.313  0.0236
0.357  0.0059
0.361  0.0070
0.368  0.0405
0.378  0.0079
0.387  0.0031
0.399  0.0510
0.409  0.0056
0.437  0.0330
0.466  0.0370
0.474  0.1970
0.490  0.0028
0.517  0.0340
0.551  0.0410
0.561  0.0382
0.598  0.0200
0.626  0.0560
0.668  0.0170
0.670  0.0250
0.670  0.0250
0.684  0.0185
0.688  0.0042
0.712  0.0070
0.747  0.0034
0.756  0.0087
0.760  0.0059
0.800  0.0039
0.808  0.0390
0.836  0.0480
0.842  0.0115
0.851  0.0340
0.854  0.0280
0.856  0.0220
0.873  0.0700
0.912  0.0093
0.919  0.0079
0.927  0.0760
0.999  0.0135
1.022  0.0014
1.042  0.0107
1.093  0.0098
1.097  0.0450
1.117  0.0020
1.128  0.0065
1.155  0.0194
1.234  0.0242
1.242  0.0028
1.265  0.0420
1.269  0.0031
1.327  0.0025
1.344  0.0087
1.358  0.0530
1.385  0.0079
1.401  0.0076
1.403  0.0141
1.436  0.0059
1.484  0.0143
1.512  0.0177
1.555  0.0112
1.560  0.0034
1.608  0.0096
1.664  0.0420
1.752  0.0250
1.759  0.0107
1.832  0.1240
1.839  0.0402
1.858  0.0141
1.989  0.0053
2.195  0.0084
2.265  0.0084
2.426  0.0084
2.672  0.0022
2.794  0.0056
3.056  0.0059
3.106  0.0177
3.268  0.0070
3.340  0.0031
3.756  0.0020
