121
0.209  0.0006
0.225  0.0001
0.237  0.0004
0.241  0.0001
0.252  0.0018
0.273  0.0006
0.277  0.0010
0.298  0.0012
0.306  0.0011
0.334  0.6800
0.346  0.0044
0.359  0.0003
0.407  0.0560
0.420  0.0011
0.425  0.0048
0.439  0.0077
0.453  0.0014
0.458  0.0003
0.465  0.0005
0.493  0.0034
0.499  0.0001
0.532  0.0003
0.532  0.0003
0.543  0.0004
0.547  0.0004
0.566  0.0131
0.573  0.0001
0.587  0.0134
0.612  0.0093
0.621  0.0012
0.634  0.0007
0.653  0.0033
0.667  0.0016
0.712  0.0440
0.731  0.0028
0.738  0.0225
0.761  0.0011
0.832  0.1190
0.843  0.0041
0.848  0.0001
0.860  0.0340
0.876  0.0730
0.889  0.0014
0.904  0.0091
0.911  0.0007
0.917  0.0048
0.922  0.0085
0.972  0.0009
0.999  0.0006
1.004  0.0080
1.024  0.0073
1.046  0.0035
1.066  0.0045
1.083  0.0018
1.093  0.0008
1.097  0.0003
1.129  0.0007
1.129  0.0007
1.155  0.0068
1.166  0.1580
1.171  0.0106
1.180  0.0010
1.194  0.0480
1.202  0.0008
1.214  0.0103
1.223  0.0280
1.325  0.1750
1.341  0.0005
1.351  0.0009
1.351  0.0009
1.364  0.0002
1.379  0.0310
1.437  0.0027
1.453  0.0013
1.486  0.0005
1.500  0.0008
1.507  0.0007
1.520  0.0027
1.630  0.0080
1.647  0.0025
1.671  0.0009
1.713  0.0035
1.727  0.0019
1.736  0.0690
1.767  0.0019
1.767  0.0019
1.790  0.0001
1.810  0.0004
1.822  0.0003
1.833  0.0003
1.848  0.0000
1.906  0.0008
1.916  0.0008
1.926  0.0034
1.941  0.0007
1.964  0.0147
2.003  0.0003
2.018  0.0004
2.033  0.0097
2.174  0.0005
2.196  0.0009
2.216  0.0024
2.260  0.0007
2.479  0.0037
2.507  0.0005
2.529  0.0033
2.550  0.0012
2.679  0.0005
2.679  0.0005
2.691  0.0001
2.705  0.0004
2.716  0.0001
2.804  0.0005
2.879  0.0003
2.893  0.0021
3.023  0.0003
3.038  0.0001
3.050  0.0001
3.080  0.0001
3.091  0.0001
3.137  0.0000
