234
0.023  0.0001
0.030  0.0002
0.037  0.0002
0.059  0.0130
0.065  0.0002
0.065  0.0003
0.074  0.0112
0.075  0.0099
0.076  0.0023
0.097  0.0003
0.097  0.0145
0.108  0.0009
0.113  0.0012
0.114  0.1920
0.117  0.0011
0.122  0.0026
0.127  0.0011
0.132  0.0000
0.137  0.0006
0.139  0.0051
0.141  0.0004
0.155  0.0003
0.156  0.0595
0.176  0.0005
0.178  0.0016
0.185  0.0010
0.189  0.0179
0.189  0.0001
0.192  0.0057
0.197  0.0001
0.198  0.0005
0.199  0.0139
0.208  0.0255
0.211  0.2600
0.214  0.0040
0.224  0.0002
0.227  0.0016
0.230  0.0048
0.240  0.0001
0.240  0.0395
0.245  0.0021
0.246  0.0081
0.251  0.0003
0.254  0.0009
0.258  0.0038
0.263  0.0002
0.268  0.0605
0.270  0.1080
0.273  0.0018
0.274  0.0008
0.275  0.0065
0.277  0.0034
0.282  0.0002
0.282  0.0062
0.288  0.0001
0.288  0.0069
0.295  0.0057
0.301  0.0038
0.311  0.0051
0.327  0.0457
0.329  0.0002
0.332  0.0002
0.343  0.0008
0.348  0.0016
0.349  0.0138
0.353  0.0005
0.357  0.0005
0.358  0.0001
0.360  0.0015
0.361  0.0001
0.367  0.0054
0.372  0.0002
0.377  0.0001
0.381  0.0005
0.385  0.0027
0.391  0.0001
0.397  0.0007
0.399  0.0001
0.414  0.0002
0.424  0.0750
0.425  0.0027
0.433  0.0001
0.435  0.0000
0.440  0.0004
0.441  0.0003
0.444  0.0115
0.444  0.0001
0.449  0.0001
0.462  0.0004
0.471  0.0001
0.480  0.0004
0.484  0.0007
0.494  0.0006
0.498  0.0001
0.499  0.0004
0.510  0.0006
0.513  0.0001
0.513  0.0001
0.516  0.0004
0.528  0.0001
0.533  0.0009
0.537  0.0005
0.541  0.0660
0.547  0.0002
0.547  0.0001
0.556  0.0059
0.557  0.0044
0.558  0.0001
0.564  0.0001
0.568  0.0002
0.575  0.0001
0.579  0.0008
0.583  0.0002
0.583  0.0005
0.589  0.0001
0.591  0.0000
0.594  0.0003
0.598  0.0003
0.607  0.0001
0.618  0.0001
0.630  0.0019
0.636  0.0007
0.636  0.0005
0.651  0.0006
0.654  0.0002
0.655  0.0800
0.657  0.0002
0.662  0.0001
0.665  0.0002
0.672  0.0001
0.674  0.0001
0.676  0.0003
0.681  0.0001
0.687  0.0009
0.696  0.0017
0.713  0.0007
0.718  0.0005
0.728  0.0002
0.741  0.0001
0.744  0.0000
0.750  0.0001
0.754  0.0004
0.759  0.0002
0.759  0.0002
0.761  0.0003
0.765  0.0001
0.768  0.0006
0.772  0.0005
0.775  0.0000
0.776  0.0000
0.781  0.0000
0.787  0.0001
0.793  0.0002
0.796  0.0001
0.809  0.0019
0.810  0.0002
0.813  0.0001
0.818  0.0001
0.829  0.0001
0.832  0.0002
0.837  0.0003
0.843  0.0005
0.850  0.0002
0.855  0.0000
0.859  0.0002
0.862  0.0002
0.865  0.0000
0.865  0.0001
0.871  0.0003
0.874  0.0000
0.887  0.0001
0.893  0.0000
0.897  0.0000
0.915  0.0000
0.920  0.0000
0.924  0.0010
0.929  0.0001
0.930  0.0001
0.936  0.0000
0.943  0.0000
0.946  0.0002
0.951  0.0000
0.952  0.0001
0.964  0.0003
0.967  0.0001
0.976  0.0001
0.979  0.0002
0.979  0.0008
0.987  0.0000
0.993  0.0001
0.993  0.0000
1.016  0.0000
1.022  0.0000
1.023  0.0010
1.027  0.0001
1.032  0.0000
1.042  0.0003
1.052  0.0000
1.076  0.0002
1.079  0.0006
1.101  0.0005
1.123  0.0002
1.125  0.0003
1.136  0.0000
1.142  0.0000
1.142  0.0000
1.150  0.0002
1.156  0.0000
1.172  0.0000
1.176  0.0000
1.181  0.0004
1.190  0.0000
1.198  0.0001
1.207  0.0000
1.226  0.0000
1.234  0.0003
1.240  0.0000
1.260  0.0000
1.264  0.0001
1.280  0.0000
1.284  0.0000
1.290  0.0000
1.293  0.0002
1.298  0.0000
1.308  0.0000
1.312  0.0001
1.357  0.0000
1.368  0.0002
1.381  0.0000
1.407  0.0002
1.448  0.0000
1.454  0.0000
1.496  0.0000
1.568  0.0000
