288
0.079  0.0003
0.083  0.0001
0.197  0.0050
0.198  0.0150
0.205  0.0012
0.221  0.2010
0.242  0.0001
0.264  0.0066
0.268  0.0008
0.286  0.0003
0.295  0.0002
0.305  0.0002
0.318  0.0004
0.338  0.0034
0.345  0.0119
0.354  0.0013
0.356  0.0420
0.365  0.0090
0.369  0.0139
0.381  0.0005
0.402  0.0032
0.411  0.0257
0.419  0.0004
0.428  0.0011
0.438  0.0096
0.465  0.0024
0.466  0.0080
0.468  0.0010
0.488  0.0008
0.491  0.0032
0.497  0.0660
0.499  0.0115
0.509  0.0015
0.523  0.0003
0.542  0.0003
0.547  0.0003
0.557  0.0016
0.577  0.0570
0.586  0.1670
0.600  0.0009
0.610  0.0002
0.626  0.0060
0.630  0.0034
0.653  0.0004
0.663  0.0008
0.666  0.0011
0.669  0.0004
0.671  0.0011
0.674  0.0023
0.687  0.0007
0.696  0.0179
0.707  0.0050
0.710  0.0078
0.716  0.0026
0.730  0.0030
0.738  0.0420
0.747  0.0011
0.754  0.0009
0.763  0.0092
0.763  0.0040
0.776  0.0113
0.783  0.0002
0.827  0.0076
0.836  0.0111
0.857  0.0029
0.867  0.0590
0.870  0.0016
0.891  0.0050
0.904  0.0720
0.918  0.0007
0.931  0.0062
0.935  0.0004
0.939  0.0007
0.944  0.0017
0.953  0.0011
0.960  0.0032
0.964  0.0006
0.970  0.0009
0.974  0.0098
0.997  0.0066
1.011  0.0011
1.044  0.0041
1.048  0.0006
1.059  0.0003
1.063  0.0007
1.068  0.0007
1.076  0.0024
1.088  0.0036
1.098  0.0006
1.103  0.0090
1.108  0.0290
1.115  0.0016
1.117  0.0167
1.120  0.0038
1.132  0.0016
1.152  0.0006
1.163  0.0022
1.167  0.0003
1.172  0.0098
1.182  0.0017
1.187  0.0019
1.195  0.0008
1.201  0.0002
1.210  0.0002
1.229  0.0014
1.236  0.0060
1.251  0.0004
1.251  0.0004
1.267  0.0002
1.274  0.0137
1.278  0.0003
1.298  0.0004
1.303  0.0010
1.309  0.0007
1.324  0.0310
1.335  0.0013
1.341  0.0019
1.367  0.0015
1.372  0.0013
1.382  0.0006
1.413  0.0027
1.422  0.0023
1.441  0.0002
1.458  0.0007
1.461  0.0012
1.464  0.0018
1.469  0.0019
1.469  0.0019
1.473  0.0690
1.482  0.0004
1.488  0.0009
1.501  0.0133
1.506  0.0011
1.530  0.0330
1.534  0.0510
1.545  0.0010
1.555  0.0015
1.574  0.0019
1.583  0.0009
1.601  0.0007
1.634  0.0082
1.644  0.0034
1.658  0.0004
1.668  0.0013
1.677  0.0014
1.680  0.0008
1.684  0.0013
1.692  0.0026
1.694  0.0440
1.708  0.0002
1.711  0.0003
1.721  0.0023
1.721  0.0023
1.730  0.0003
1.766  0.0005
1.778  0.0076
1.788  0.0011
1.791  0.0005
1.804  0.0003
1.811  0.0014
1.824  0.0007
1.831  0.0009
1.840  0.0035
1.851  0.0005
1.865  0.0008
1.868  0.0020
1.880  0.0016
1.898  0.0003
1.903  0.0105
1.925  0.0002
1.935  0.0003
1.939  0.0064
1.967  0.0013
1.978  0.0004
1.999  0.0012
2.002  0.0004
2.012  0.0157
2.021  0.0024
2.039  0.0002
2.046  0.0026
2.083  0.0006
2.101  0.0094
2.140  0.0006
2.144  0.0006
2.150  0.0002
2.160  0.0053
2.168  0.0004
2.190  0.0003
2.196  0.0012
2.207  0.0005
2.233  0.0002
2.280  0.0021
2.286  0.0005
2.322  0.0005
2.330  0.0004
2.335  0.0010
2.377  0.0080
2.401  0.0072
2.441  0.0005
2.467  0.0002
2.488  0.0002
2.503  0.0005
2.511  0.0024
2.522  0.0005
2.535  0.0009
2.545  0.0005
2.550  0.0003
2.598  0.0011
2.623  0.0002
2.630  0.0014
2.645  0.0042
2.703  0.0003
2.722  0.0004
2.742  0.0003
2.751  0.0013
2.757  0.0007
2.776  0.0003
2.782  0.0076
2.789  0.0005
2.794  0.0068
2.804  0.0004
2.820  0.0013
2.853  0.0024
2.859  0.0005
2.866  0.0175
2.874  0.0010
2.874  0.0010
2.879  0.0033
2.917  0.0003
2.947  0.0008
2.998  0.0004
3.018  0.0026
3.029  0.0027
3.099  0.0004
3.107  0.0020
3.140  0.0105
3.154  0.0003
3.172  0.0010
3.213  0.0003
3.220  0.0043
3.257  0.0005
3.300  0.0004
3.322  0.0007
3.341  0.0004
3.362  0.0105
3.371  0.0062
3.400  0.0014
3.440  0.0004
3.463  0.0004
3.504  0.0002
3.533  0.0135
3.568  0.0006
3.584  0.0026
3.634  0.0004
3.639  0.0004
3.678  0.0007
3.718  0.0084
3.722  0.0005
3.732  0.0014
3.756  0.0002
3.781  0.0013
3.809  0.0002
3.827  0.0014
3.838  0.0008
3.843  0.0011
3.898  0.0003
3.902  0.0014
3.923  0.0042
3.966  0.0021
3.978  0.0027
3.978  0.0007
3.996  0.0014
4.044  0.0002
4.048  0.0012
4.081  0.0007
4.118  0.0001
4.143  0.0003
4.147  0.0002
4.184  0.0005
4.268  0.0003
4.307  0.0001
4.341  0.0010
4.368  0.0004
4.405  0.0001
4.478  0.0001
4.489  0.0014
4.631  0.0003
4.686  0.0001
