56
0.400  0.0039
0.467  0.0106
0.520  0.0098
0.523  0.1010
0.571  0.0450
0.586  0.0510
0.659  0.7800
0.692  0.0045
0.708  0.0023
0.771  0.0037
0.808  0.0057
0.834  0.0440
0.914  0.0410
0.990  0.0088
1.005  0.0071
1.041  0.0133
1.048  0.0023
1.065  0.0069
1.083  0.4800
1.109  0.1860
1.131  0.0091
1.136  0.0330
1.155  0.0060
1.158  0.0027
1.236  0.0480
1.245  0.0062
1.250  0.0023
1.294  0.0054
1.307  0.0176
1.313  0.0660
1.472  0.0052
1.561  0.0023
1.574  0.0340
1.585  0.0049
1.681  0.0420
1.773  0.0127
1.850  0.0052
1.882  0.0016
1.942  0.0046
1.999  0.0048
2.115  0.0089
2.141  0.0069
2.283  0.0100
2.352  0.0030
2.581  0.0087
2.599  0.0067
2.750  0.0050
2.764  0.0084
2.822  0.0032
2.948  0.0076
3.108  0.0105
3.664  0.0290
3.764  0.0037
4.413  0.0056
4.679  0.0051
5.388  0.0110
