115
0.032  0.0940
0.033  0.0012
0.040  0.0037
0.045  0.0005
0.057  0.0052
0.066  0.0073
0.073  0.0032
0.078  0.0017
0.085  0.0024
0.086  0.0005
0.105  0.0228
0.133  0.0018
0.135  0.0002
0.152  0.0001
0.160  0.0003
0.185  0.0072
0.236  0.0007
0.255  0.0176
0.263  0.0058
0.284  0.0120
0.308  0.0005
0.321  0.0010
0.322  0.0065
0.341  0.0071
0.344  0.0024
0.345  0.0172
0.402  0.0021
0.407  0.0068
0.410  0.0028
0.418  0.1030
0.435  0.0007
0.450  0.0004
0.475  0.0178
0.480  0.0028
0.508  0.0006
0.553  0.0009
0.556  0.0021
0.571  0.0003
0.571  0.0015
0.586  0.0003
0.615  0.0033
0.663  0.0021
0.665  0.0036
0.668  0.0051
0.674  0.0014
0.686  0.0038
0.710  0.0048
0.725  0.0039
0.738  0.0015
0.759  0.0034
0.771  0.0001
0.785  0.0019
0.796  0.0071
0.829  0.0033
0.868  0.0034
0.892  0.0082
0.948  0.0069
0.953  0.0003
0.967  0.0212
1.005  0.0008
1.014  0.0009
1.026  0.0015
1.071  0.0011
1.106  0.0013
1.107  0.0012
1.115  0.0013
1.121  0.0009
1.128  0.0007
1.137  0.0045
1.144  0.0010
1.161  0.0007
1.171  0.0025
1.176  0.0003
1.181  0.0051
1.190  0.0011
1.192  0.0019
1.194  0.0042
1.202  0.0073
1.214  0.0147
1.230  0.0111
1.238  0.0021
1.243  0.0019
1.257  0.0006
1.264  0.0017
1.282  0.0002
1.296  0.0036
1.303  0.0004
1.326  0.0012
1.329  0.0018
1.402  0.0023
1.480  0.0026
1.524  0.0037
1.537  0.0030
1.547  0.0013
1.554  0.0011
1.732  0.0025
1.745  0.0019
1.759  0.0012
1.785  0.0012
1.805  0.0039
1.818  0.0013
1.825  0.0002
1.850  0.0006
1.882  0.0016
1.892  0.0025
1.922  0.0005
1.955  0.0014
1.966  0.0245
1.988  0.0027
1.995  0.0021
1.998  0.0068
2.008  0.0011
2.028  0.0006
2.032  0.0050
2.061  0.0001
