52
0.212  0.0027
0.253  0.0003
0.265  0.0015
0.278  0.0018
0.280  0.0022
0.285  0.0130
0.315  0.0014
0.319  0.0022
0.331  0.0021
0.409  0.0010
0.480  0.0041
0.519  0.0006
0.576  0.0012
0.658  0.0007
0.663  0.0051
0.729  0.0560
0.765  0.0028
0.769  0.1020
0.799  0.0070
0.821  0.0069
0.830  0.0025
0.932  0.0009
0.938  0.0009
0.974  0.0014
1.009  0.0520
1.047  0.0026
1.054  0.0390
1.075  0.0256
1.096  0.0260
1.101  0.0176
1.289  0.0017
1.302  0.0020
1.349  0.0193
1.354  0.0122
1.456  0.0080
1.499  0.0040
1.737  0.0013
1.782  0.0193
1.792  0.0014
1.830  0.0010
1.865  0.3100
1.906  0.0040
2.022  0.0035
2.067  0.0109
2.072  0.0007
2.083  0.0018
2.118  0.4200
2.213  0.0069
2.372  0.0008
2.377  0.0014
2.982  0.0006
3.140  0.0047
