162
0.023  0.0018
0.065  0.0095
0.070  0.0018
0.090  0.0140
0.093  0.0670
0.106  0.0006
0.109  0.0005
0.116  0.0003
0.138  0.0068
0.162  0.0038
0.175  0.0062
0.179  0.0041
0.184  0.0002
0.186  0.0029
0.199  0.0310
0.203  0.0014
0.219  0.0240
0.234  0.0014
0.244  0.0079
0.248  0.0031
0.254  0.0110
0.264  0.0011
0.269  0.0920
0.289  0.0200
0.292  0.0064
0.297  0.0022
0.300  0.0010
0.316  0.0046
0.335  0.0037
0.344  0.0020
0.350  0.0014
0.359  0.0140
0.359  0.0077
0.361  0.0083
0.362  0.0009
0.374  0.0510
0.378  0.0038
0.387  0.0019
0.415  0.0014
0.441  0.0075
0.443  0.0044
0.450  0.0098
0.452  0.0430
0.455  0.0012
0.457  0.0013
0.464  0.0028
0.465  0.0170
0.467  0.0400
0.485  0.0037
0.490  0.0018
0.493  0.0029
0.502  0.0030
0.510  0.0010
0.511  0.0013
0.515  0.0058
0.531  0.0023
0.537  0.0029
0.545  0.0035
0.579  0.0031
0.580  0.0580
0.593  0.0029
0.593  0.0047
0.600  0.0026
0.605  0.0210
0.608  0.0086
0.616  0.0027
0.639  0.0017
0.649  0.0023
0.656  0.0035
0.659  0.0042
0.660  0.0003
0.674  0.0014
0.676  0.0018
0.683  0.0010
0.684  0.0016
0.699  0.0058
0.701  0.0260
0.706  0.0083
0.706  0.0009
0.706  0.0018
0.707  0.0028
0.709  0.0018
0.715  0.0009
0.721  0.0054
0.727  0.0056
0.746  0.0067
0.755  0.0013
0.774  0.0064
0.777  0.0068
0.786  0.0021
0.797  0.0042
0.800  0.0009
0.800  0.0028
0.803  0.0110
0.808  0.0015
0.810  0.0029
0.818  0.0025
0.832  0.0170
0.834  0.0035
0.839  0.0007
0.858  0.0078
0.868  0.0061
0.879  0.0010
0.924  0.0048
0.932  0.0048
0.949  0.0037
0.952  0.0055
0.952  0.0006
0.965  0.0009
0.988  0.0041
1.046  0.0064
1.056  0.0009
1.062  0.0038
1.065  0.0044
1.068  0.0016
1.101  0.0075
1.116  0.0029
1.157  0.0033
1.166  0.0030
1.171  0.0024
1.179  0.0018
1.194  0.0056
1.227  0.0045
1.257  0.0031
1.264  0.0056
1.336  0.0065
1.378  0.0024
1.389  0.0037
1.394  0.0035
1.397  0.0032
1.413  0.0029
1.453  0.0026
1.473  0.0045
1.477  0.0098
1.479  0.0007
1.484  0.0029
1.492  0.0064
1.494  0.0028
1.548  0.0057
1.565  0.0008
1.582  0.0022
1.590  0.0020
1.637  0.0021
1.697  0.0022
1.725  0.0006
1.768  0.0029
1.773  0.0040
1.779  0.0053
1.798  0.0012
1.844  0.0014
1.850  0.0069
1.862  0.0012
1.888  0.0019
1.916  0.0009
1.937  0.0030
1.942  0.0041
2.033  0.0002
2.058  0.0040
2.089  0.0017
2.107  0.0031
2.180  0.0005
2.247  0.0016
