85
0.113  0.0001
0.113  0.0001
0.163  0.0001
0.166  0.0003
0.184  0.0002
0.197  0.0003
0.221  0.0175
0.230  0.0024
0.247  0.0003
0.255  0.0002
0.264  0.0018
0.288  0.0310
0.290  0.0030
0.305  0.0003
0.306  0.0009
0.326  0.0000
0.334  0.0004
0.343  0.0000
0.362  0.0019
0.403  0.0023
0.415  0.0030
0.418  0.0353
0.430  0.0030
0.434  0.0055
0.452  0.0032
0.531  0.0003
0.547  0.0715
0.576  0.0013
0.588  0.0005
0.617  0.0004
0.650  0.0046
0.656  0.0008
0.679  0.0006
0.685  0.0002
0.690  0.0013
0.708  0.0066
0.785  0.0015
0.795  0.0002
0.798  0.0017
0.807  0.0005
0.837  0.0669
0.960  0.0003
0.961  0.0015
0.972  0.0089
0.973  0.0121
0.995  0.0015
1.039  0.0790
1.097  0.0009
1.102  0.0161
1.124  0.0362
1.132  0.2260
1.152  0.0000
1.160  0.0010
1.169  0.0088
1.226  0.0004
1.240  0.0090
1.255  0.0001
1.255  0.0001
1.260  0.2870
1.316  0.0007
1.335  0.0003
1.344  0.0008
1.368  0.0061
1.442  0.0002
1.448  0.0032
1.458  0.0870
1.503  0.0108
1.522  0.0004
1.544  0.0003
1.566  0.0129
1.678  0.0960
1.706  0.0410
1.791  0.0772
1.831  0.0058
1.845  0.0001
1.927  0.0030
1.948  0.0006
2.046  0.0087
2.112  0.0007
2.151  0.0002
2.189  0.0001
2.255  0.0061
2.409  0.0096
2.466  0.0007
2.477  0.0000
