48
0.103  0.0040
0.153  0.0050
0.204  0.0100
0.215  0.0100
0.227  0.0150
0.250  0.0060
0.314  0.6100
0.318  0.0300
0.322  0.0300
0.357  0.0150
0.366  0.0150
0.404  0.0100
0.446  0.0150
0.455  0.0150
0.460  0.0150
0.526  0.4500
0.583  0.0100
0.594  0.0100
0.603  0.0170
0.629  0.3100
0.636  0.3600
0.654  0.1700
0.667  0.0250
0.684  0.0300
0.693  0.0200
0.728  0.0400
0.743  1.0000
0.754  1.0000
0.774  0.0150
0.803  0.0120
0.814  0.1300
0.836  0.0100
0.846  0.0250
0.861  0.0040
0.878  0.0350
0.909  0.0100
0.972  0.0100
1.048  0.0350
1.079  0.0200
1.113  0.0200
1.158  0.0150
1.182  0.0450
1.250  0.0100
1.260  0.0100
1.340  0.0100
1.686  0.0050
1.708  0.0030
1.786  0.0040
