43
0.055  0.0001
0.077  0.0120
0.171  0.0002
0.176  0.0002
0.186  0.0279
0.192  0.0177
0.219  0.0031
0.225  0.0013
0.240  0.0013
0.241  0.0002
0.246  0.0181
0.298  0.0003
0.317  0.0388
0.324  0.0021
0.418  0.0030
0.425  0.0012
0.466  0.0073
0.468  0.0080
0.475  0.0092
0.494  0.0447
0.506  0.0008
0.543  0.1174
0.610  0.0001
0.645  0.0006
0.650  0.0001
0.665  0.0005
0.715  0.0145
0.746  0.0002
0.753  0.0004
0.780  0.0002
0.787  0.0002
0.792  0.0083
0.836  0.0002
0.842  0.0001
0.891  0.0002
0.902  0.0001
0.968  0.0080
0.992  0.0001
1.073  0.0002
1.077  0.0001
1.104  0.0002
1.159  0.0001
1.249  0.0001
