60
0.036  0.1040
0.051  0.0070
0.052  0.0074
0.052  0.0370
0.064  0.0004
0.066  0.0201
0.071  0.0004
0.102  0.0020
0.119  0.7400
0.121  0.0020
0.159  0.0007
0.162  0.0097
0.165  0.0063
0.171  0.0390
0.187  0.0150
0.190  0.0028
0.204  0.0040
0.223  0.0030
0.224  0.0027
0.229  0.0037
0.238  0.0070
0.239  0.0112
0.240  0.0070
0.242  0.0013
0.244  0.0070
0.260  0.0104
0.306  0.0015
0.308  0.0048
0.312  0.0010
0.320  0.0141
0.344  0.0017
0.358  0.0019
0.385  0.0037
0.386  0.0290
0.393  0.0089
0.422  0.0052
0.429  0.2720
0.430  0.0190
0.445  0.2980
0.477  0.0141
0.481  0.0740
0.483  0.0070
0.548  0.0216
0.564  0.0660
0.599  0.0013
0.600  0.0210
0.604  0.0015
0.636  0.0033
0.652  0.0045
0.752  0.0017
0.798  0.0018
0.800  0.0023
0.864  0.0019
0.986  0.0052
0.990  0.0011
1.080  0.0089
1.132  0.0016
1.298  0.0013
1.334  0.0020
1.560  0.0025
