120
0.011  0.0001
0.032  0.0001
0.057  0.0034
0.058  0.0002
0.088  0.0002
0.094  0.0002
0.106  0.0026
0.106  0.0003
0.116  0.0015
0.183  0.0004
0.194  0.0990
0.195  0.0080
0.204  0.0033
0.215  0.0021
0.217  0.0035
0.220  0.0053
0.230  0.0013
0.253  0.0012
0.257  0.0004
0.265  0.0006
0.267  0.0002
0.268  0.0122
0.269  0.0032
0.275  0.0026
0.334  0.0009
0.358  0.0011
0.359  0.0032
0.360  0.0065
0.364  0.0005
0.366  0.0015
0.374  0.0300
0.375  0.0074
0.385  0.0001
0.392  0.0004
0.394  0.0039
0.395  0.0002
0.406  0.0210
0.431  0.0006
0.463  0.0370
0.477  0.0009
0.484  0.0012
0.486  0.0029
0.489  0.0001
0.489  0.0133
0.524  0.0002
0.560  0.0003
0.569  0.0042
0.579  0.0240
0.589  0.0006
0.592  0.0014
0.597  0.0003
0.609  0.0005
0.626  0.0009
0.636  0.0024
0.683  0.0053
0.683  0.0011
0.691  0.0006
0.703  0.0095
0.712  0.0004
0.718  0.0019
0.718  0.0005
0.727  0.0006
0.738  0.0090
0.746  0.0003
0.760  0.0009
0.810  0.0040
0.821  0.0020
0.844  0.0056
0.848  0.0530
0.867  0.0007
0.898  0.0074
0.912  0.0155
0.924  0.0004
0.932  0.0069
0.948  0.0038
0.951  0.0015
0.956  0.0006
0.981  0.0014
1.042  0.0250
1.050  0.0005
1.067  0.0004
1.078  0.0078
1.106  0.0004
1.112  0.0015
1.142  0.0011
1.162  0.0003
1.167  0.0014
1.177  0.0006
1.272  0.0250
1.294  0.0002
1.294  0.0003
1.296  0.0007
1.306  0.0064
1.386  0.0006
1.426  0.0004
1.445  0.0021
1.558  0.0009
1.567  0.0020
1.589  0.0004
1.592  0.0043
1.639  0.0005
1.648  0.0005
1.648  0.0007
1.669  0.0012
1.693  0.0001
1.772  0.0007
1.818  0.0002
1.827  0.0003
1.863  0.0023
1.869  0.0005
1.898  0.0009
1.929  0.0007
2.014  0.0005
2.020  0.0004
2.055  0.0010
2.208  0.0006
2.250  0.0006
2.316  0.0005
2.331  0.0010
2.510  0.0004
