76
0.120  0.0044
0.122  0.1570
0.209  0.0002
0.245  0.0097
0.251  0.0014
0.273  0.0033
0.329  0.0024
0.366  0.0006
0.444  0.0020
0.534  0.0003
0.563  0.0044
0.564  0.0008
0.616  0.0002
0.643  0.0016
0.662  0.0024
0.674  0.0033
0.688  0.0058
0.696  0.0261
0.727  0.0003
0.735  0.0052
0.810  0.0025
0.813  0.0047
0.841  0.0410
0.848  0.0006
0.867  0.0006
0.870  0.0011
0.903  0.0011
0.919  0.0083
0.926  0.0049
0.929  0.0020
0.958  0.0005
0.961  0.0370
0.963  0.0320
0.965  0.0036
0.981  0.0022
0.996  0.0009
1.050  0.0016
1.080  0.0058
1.087  0.0025
1.112  0.0008
1.127  0.0014
1.253  0.0006
1.274  0.0005
1.293  0.0020
1.317  0.0020
1.322  0.0107
1.326  0.0005
1.332  0.0005
1.389  0.0039
1.403  0.0008
1.408  0.0019
1.488  0.0003
1.535  0.0003
1.558  0.0002
1.770  0.0003
1.822  0.0009
1.843  0.0002
1.873  0.0002
1.922  0.0002
1.971  0.0005
2.007  0.0017
2.045  0.0013
2.054  0.0003
2.079  0.0046
2.114  0.0003
2.118  0.0020
2.166  0.0003
2.175  0.0006
2.187  0.0008
2.225  0.0036
2.240  0.0006
2.255  0.0002
2.309  0.0006
2.388  0.0006
2.566  0.0006
2.804  0.0008
