78
0.004  0.0000
0.010  0.0002
0.014  0.0002
0.032  0.0000
0.070  0.0001
0.071  0.0000
0.102  0.0000
0.103  0.0001
0.104  0.0001
0.107  0.0002
0.108  0.0001
0.111  0.0005
0.115  0.0001
0.122  0.0130
0.132  0.0001
0.138  0.0000
0.144  0.0347
0.147  0.0001
0.154  0.0602
0.159  0.0074
0.166  0.0000
0.176  0.0002
0.177  0.0004
0.180  0.0016
0.199  0.0000
0.221  0.0003
0.246  0.0001
0.249  0.0004
0.252  0.0006
0.255  0.0005
0.256  0.0001
0.260  0.0001
0.269  0.1330
0.270  0.0000
0.286  0.0000
0.288  0.0015
0.324  0.0364
0.328  0.0020
0.334  0.0008
0.338  0.0260
0.343  0.0017
0.355  0.0000
0.356  0.0000
0.362  0.0003
0.363  0.0002
0.369  0.0001
0.372  0.0043
0.373  0.0008
0.376  0.0001
0.383  0.0000
0.388  0.0001
0.390  0.0001
0.431  0.0002
0.432  0.0003
0.445  0.0122
0.487  0.0001
0.500  0.0000
0.510  0.0000
0.528  0.0007
0.538  0.0000
0.542  0.0000
0.546  0.0000
0.574  0.0000
0.580  0.0000
0.584  0.0000
0.594  0.0000
0.599  0.0009
0.609  0.0003
0.619  0.0000
0.624  0.0001
0.632  0.0000
0.642  0.0000
0.646  0.0000
0.697  0.0000
0.711  0.0000
0.718  0.0000
0.728  0.0000
0.733  0.0000
