199
0.013  0.0000
0.025  0.0000
0.025  0.0000
0.025  0.0000
0.027  0.0000
0.028  0.0000
0.029  0.0001
0.029  0.0000
0.029  0.0000
0.032  0.0000
0.033  0.0000
0.033  0.0000
0.038  0.0000
0.042  0.0000
0.042  0.0007
0.043  0.0001
0.044  0.0000
0.045  0.0000
0.046  0.0000
0.051  0.0000
0.053  0.0000
0.054  0.0000
0.055  0.0002
0.064  0.0000
0.066  0.0000
0.066  0.0000
0.068  0.0000
0.069  0.0000
0.070  0.0000
0.072  0.0000
0.072  0.0000
0.073  0.0000
0.075  0.0000
0.076  0.0000
0.076  0.0000
0.077  0.0000
0.078  0.0000
0.083  0.0000
0.085  0.0000
0.086  0.0000
0.086  0.0000
0.087  0.0000
0.089  0.0000
0.090  0.0000
0.091  0.0000
0.091  0.0000
0.092  0.0000
0.093  0.0000
0.096  0.0000
0.097  0.0002
0.097  0.0000
0.099  0.0000
0.100  0.0000
0.102  0.0000
0.104  0.0000
0.112  0.0000
0.114  0.0000
0.116  0.0000
0.116  0.0000
0.117  0.0000
0.119  0.0000
0.121  0.0000
0.124  0.0000
0.125  0.0000
0.125  0.0000
0.130  0.0000
0.131  0.0000
0.132  0.0000
0.135  0.0000
0.139  0.0000
0.140  0.0000
0.142  0.0000
0.143  0.0000
0.144  0.0000
0.145  0.0000
0.146  0.0001
0.147  0.0000
0.148  0.0000
0.153  0.0000
0.153  0.0000
0.155  0.0000
0.156  0.0000
0.162  0.0000
0.165  0.0000
0.165  0.0001
0.166  0.0000
0.167  0.0000
0.169  0.0000
0.171  0.0000
0.172  0.0000
0.174  0.0000
0.178  0.0000
0.184  0.0000
0.186  0.0000
0.188  0.0000
0.189  0.0000
0.192  0.0000
0.206  0.0000
0.208  0.0000
0.209  0.0000
0.211  0.0000
0.212  0.0000
0.216  0.0000
0.217  0.0000
0.218  0.0000
0.219  0.0000
0.223  0.0000
0.224  0.0000
0.226  0.0000
0.230  0.0000
0.240  0.0000
0.245  0.0000
0.249  0.0000
0.256  0.0000
0.259  0.0000
0.261  0.0000
0.262  0.0000
0.269  0.0000
0.272  0.0000
0.274  0.0000
0.275  0.0000
0.278  0.0000
0.284  0.0000
0.288  0.0000
0.288  0.0000
0.291  0.0000
0.291  0.0000
0.292  0.0000
0.294  0.0000
0.303  0.0000
0.307  0.0000
0.309  0.0000
0.311  0.0000
0.312  0.0000
0.313  0.0000
0.315  0.0000
0.317  0.0001
0.317  0.0000
0.321  0.0000
0.323  0.0000
0.329  0.0000
0.337  0.0000
0.340  0.0000
0.354  0.0000
0.359  0.0000
0.364  0.0000
0.366  0.0000
0.371  0.0000
0.375  0.0000
0.381  0.0000
0.383  0.0000
0.388  0.0000
0.394  0.0000
0.397  0.0000
0.402  0.0000
0.404  0.0000
0.407  0.0000
0.416  0.0000
0.423  0.0000
0.425  0.0000
0.436  0.0000
0.442  0.0000
0.450  0.0000
0.455  0.0000
0.457  0.0000
0.460  0.0000
0.465  0.0000
0.471  0.0000
0.474  0.0000
0.479  0.0000
0.484  0.0000
0.500  0.0000
0.513  0.0000
0.515  0.0000
0.524  0.0000
0.532  0.0000
0.534  0.0000
0.536  0.0000
0.541  0.0000
0.542  0.0000
0.560  0.0000
0.563  0.0000
0.569  0.0000
0.576  0.0000
0.578  0.0000
0.585  0.0000
0.592  0.0000
0.605  0.0000
0.608  0.0000
0.614  0.0000
0.621  0.0000
0.628  0.0000
0.637  0.0000
0.653  0.0000
0.657  0.0000
0.665  0.0000
0.707  0.0000
0.721  0.0000
0.750  0.0000
