115
0.047  0.0016
0.047  0.0094
0.061  0.0011
0.074  0.0350
0.091  0.0032
0.093  0.0110
0.097  0.0120
0.097  0.0016
0.101  0.0011
0.105  0.0700
0.115  0.0053
0.121  0.0054
0.128  0.0019
0.131  0.0053
0.135  0.0006
0.141  0.0008
0.141  0.0008
0.144  0.0083
0.150  0.0150
0.158  0.0100
0.159  0.0088
0.167  0.1590
0.168  0.0016
0.175  0.0091
0.191  0.0092
0.196  0.0690
0.198  0.0019
0.203  0.0008
0.209  0.0019
0.212  0.0110
0.212  0.0110
0.226  0.0048
0.233  0.0084
0.237  0.0060
0.242  0.0021
0.244  0.0013
0.249  0.0520
0.251  0.0019
0.260  0.0016
0.262  0.0067
0.263  0.0095
0.265  0.0100
0.268  0.0046
0.277  0.0024
0.278  0.0040
0.292  0.0076
0.298  0.0008
0.298  0.0030
0.305  0.0057
0.308  0.0130
0.309  0.0150
0.309  0.0016
0.319  0.0013
0.323  0.0043
0.338  0.0006
0.341  0.0032
0.343  0.0024
0.345  0.0008
0.352  0.0008
0.356  0.0240
0.363  0.0160
0.364  0.0230
0.370  0.0041
0.374  0.0060
0.380  0.0057
0.387  0.0008
0.395  0.0027
0.399  0.0070
0.402  0.0008
0.421  0.0013
0.424  0.0033
0.438  0.0013
0.452  0.0025
0.456  0.0014
0.458  0.0032
0.468  0.0035
0.474  0.0190
0.477  0.0064
0.491  0.0018
0.502  0.0021
0.536  0.0038
0.542  0.0080
0.546  0.0043
0.548  0.0008
0.566  0.0016
0.578  0.0024
0.592  0.0065
0.599  0.0057
0.603  0.0008
0.613  0.0024
0.645  0.0022
0.657  0.0013
0.678  0.0022
0.689  0.0064
0.744  0.0094
0.838  0.0014
0.885  0.0059
0.925  0.0073
0.978  0.0025
1.023  0.0038
1.056  0.0160
1.059  0.0060
1.268  0.0054
1.323  0.0019
1.365  0.0120
1.384  0.0025
1.386  0.0033
1.431  0.0054
1.437  0.0014
1.468  0.0059
1.517  0.0380
1.589  0.0041
1.637  0.0048
1.683  0.0021
1.759  0.0200
