113
0.856  0.0004
0.962  0.1200
1.318  0.0001
1.477  0.0009
1.503  0.0005
1.830  0.0000
2.107  0.0001
2.358  0.0006
2.376  0.0001
2.440  0.0011
2.685  0.0002
2.791  0.0023
2.821  0.0004
3.090  0.0001
3.130  0.0010
3.205  0.0001
3.222  0.0000
3.276  0.0004
3.282  0.0001
3.330  0.0008
3.575  0.0002
3.688  0.0001
3.823  0.0001
3.838  0.0001
3.868  0.0000
3.940  0.0001
3.979  0.0000
4.029  0.0002
4.039  0.0000
4.078  0.0000
4.156  0.0002
4.162  0.0008
4.184  0.0001
4.210  0.0000
4.215  0.0004
4.229  0.0001
4.290  0.0001
4.296  0.0002
4.307  0.0003
4.314  0.0002
4.523  0.0004
4.524  0.0004
4.531  0.0000
4.573  0.0002
4.598  0.0013
4.635  0.0001
4.651  0.0000
4.683  0.0001
4.786  0.0001
4.802  0.0008
4.886  0.0001
4.902  0.0005
4.937  0.0001
5.002  0.0002
5.040  0.0002
5.119  0.0002
5.125  0.0004
5.149  0.0042
5.167  0.0002
5.191  0.0000
5.277  0.0007
5.303  0.0002
5.376  0.0011
5.413  0.0001
5.421  0.0000
5.483  0.0012
5.494  0.0001
5.560  0.0010
5.593  0.0000
5.603  0.0006
5.612  0.0031
5.645  0.0012
5.684  0.0002
5.742  0.0002
5.750  0.0001
5.790  0.0002
5.835  0.0001
5.841  0.0000
5.881  0.0004
5.921  0.0001
5.929  0.0001
5.938  0.0001
5.960  0.0002
5.971  0.0005
5.978  0.0001
6.059  0.0002
6.068  0.0002
6.075  0.0000
6.093  0.0008
6.103  0.0003
6.112  0.0009
6.124  0.0006
6.136  0.0000
6.170  0.0003
6.200  0.0001
6.239  0.0000
6.252  0.0000
6.264  0.0000
6.286  0.0000
6.315  0.0007
6.327  0.0000
6.349  0.0003
6.364  0.0001
6.412  0.0001
6.445  0.0001
6.458  0.0002
6.498  0.0001
6.505  0.0001
6.515  0.0001
6.576  0.0000
6.706  0.0000
6.794  0.0000
6.951  0.0000
