174
0.150  0.0004
0.156  0.0069
0.159  0.0004
0.177  0.0013
0.195  0.0167
0.209  0.0112
0.211  0.3000
0.216  0.2790
0.219  0.0014
0.255  0.0020
0.264  0.5330
0.268  0.0030
0.313  0.0002
0.326  0.0002
0.338  0.0021
0.339  0.0072
0.340  0.0007
0.350  0.0002
0.367  0.1450
0.399  0.0010
0.416  0.2270
0.420  0.0122
0.431  0.0001
0.439  0.0021
0.445  0.0002
0.461  0.0133
0.471  0.0001
0.475  0.0107
0.504  0.0007
0.521  0.0028
0.531  0.0004
0.535  0.0004
0.557  0.0004
0.558  0.1680
0.569  0.0015
0.583  0.0080
0.611  0.0007
0.614  0.0053
0.614  0.0009
0.625  0.0019
0.632  0.0740
0.634  0.0214
0.639  0.0003
0.655  0.0001
0.660  0.0003
0.665  0.0001
0.673  0.0013
0.673  0.0053
0.680  0.0004
0.685  0.0003
0.685  0.0007
0.699  0.0023
0.705  0.0011
0.712  0.0086
0.714  0.0750
0.731  0.0002
0.744  0.0019
0.746  0.0103
0.750  0.0093
0.767  0.0083
0.776  0.0002
0.781  0.0107
0.785  0.0138
0.789  0.0010
0.794  0.0030
0.799  0.0005
0.803  0.0004
0.810  0.0238
0.813  0.0014
0.823  0.0063
0.826  0.0006
0.843  0.0022
0.858  0.0003
0.875  0.0082
0.884  0.0002
0.889  0.0001
0.897  0.0013
0.901  0.0011
0.907  0.0100
0.914  0.0039
0.921  0.0008
0.923  0.0074
0.925  0.0071
0.925  0.0006
0.929  0.0109
0.939  0.0030
0.946  0.0004
0.946  0.0004
0.959  0.0008
0.967  0.0003
0.970  0.0003
0.986  0.0011
0.997  0.0011
1.007  0.0001
1.022  0.0001
1.053  0.0004
1.056  0.0001
1.056  0.0001
1.062  0.0016
1.081  0.0027
1.085  0.0640
1.104  0.0004
1.115  0.0011
1.125  0.0013
1.130  0.0001
1.135  0.0003
1.152  0.0020
1.156  0.0002
1.165  0.0004
1.187  0.0004
1.193  0.0268
1.201  0.0008
1.215  0.0013
1.235  0.0003
1.242  0.0042
1.264  0.0090
1.280  0.0018
1.296  0.0009
1.296  0.0006
1.309  0.0051
1.313  0.0037
1.320  0.0029
1.323  0.0002
1.326  0.0004
1.339  0.0008
1.354  0.0002
1.358  0.0002
1.368  0.0319
1.386  0.0001
1.397  0.0001
1.411  0.0001
1.453  0.0013
1.455  0.0004
1.465  0.0006
1.465  0.0006
1.477  0.0025
1.479  0.0008
1.479  0.0013
1.496  0.0053
1.528  0.0005
1.539  0.0015
1.557  0.0001
1.569  0.0006
1.574  0.0070
1.624  0.0001
1.640  0.0001
1.643  0.0001
1.710  0.0033
1.720  0.0041
1.722  0.0006
1.727  0.0015
1.736  0.0003
1.760  0.0001
1.784  0.0001
1.792  0.0003
1.810  0.0004
1.829  0.0001
1.832  0.0002
1.847  0.0018
1.879  0.0004
1.882  0.0002
1.912  0.0003
1.929  0.0003
1.949  0.0001
2.000  0.0059
2.038  0.0007
2.077  0.0024
2.090  0.0027
2.126  0.0021
2.249  0.0002
2.280  0.0001
2.328  0.0002
2.342  0.0050
2.353  0.0000
