107
0.011  0.0850
0.026  0.0000
0.037  0.0002
0.038  0.0001
0.046  0.0000
0.049  0.0001
0.058  0.0000
0.063  0.0043
0.064  0.0004
0.070  0.0000
0.071  0.0001
0.073  0.0003
0.074  0.0026
0.075  0.0002
0.079  0.0001
0.087  0.0023
0.095  0.0008
0.097  0.0003
0.100  0.0070
0.100  0.0100
0.101  0.0008
0.104  0.0000
0.108  0.0022
0.112  0.0026
0.113  0.0000
0.114  0.0000
0.120  0.0007
0.124  0.0007
0.125  0.0002
0.126  0.0001
0.129  0.0000
0.134  0.0002
0.135  0.0003
0.138  0.0000
0.140  0.0000
0.145  0.0000
0.145  0.0013
0.150  0.0060
0.153  0.0002
0.154  0.0018
0.157  0.0032
0.169  0.0001
0.170  0.0001
0.171  0.0002
0.178  0.0001
0.180  0.0001
0.186  0.0001
0.186  0.0000
0.187  0.0001
0.188  0.0045
0.196  0.0012
0.197  0.0002
0.198  0.0003
0.198  0.0002
0.205  0.0000
0.217  0.0027
0.225  0.0010
0.228  0.0000
0.236  0.0000
0.241  0.0001
0.243  0.0000
0.250  0.0001
0.254  0.0012
0.256  0.0000
0.279  0.0003
0.285  0.0001
0.299  0.0000
0.317  0.0000
0.322  0.0000
0.355  0.0000
0.357  0.0000
0.362  0.0000
0.368  0.0000
0.375  0.0000
0.403  0.0000
0.406  0.0001
0.418  0.0000
0.435  0.0000
0.450  0.0000
0.452  0.0009
0.459  0.0000
0.462  0.0000
0.470  0.0000
0.481  0.0003
0.493  0.0000
0.512  0.0000
0.515  0.0002
0.518  0.0001
0.522  0.0000
0.526  0.0003
0.530  0.0001
0.531  0.0000
0.546  0.0000
0.552  0.0001
0.566  0.0000
0.568  0.0000
0.571  0.0000
0.591  0.0000
0.595  0.0000
0.601  0.0000
0.604  0.0000
0.630  0.0000
0.637  0.0000
0.649  0.0000
0.680  0.0000
0.781  0.0000
0.824  0.0000
