39
0.051  0.0260
0.079  0.1163
0.087  0.0107
0.095  0.0250
0.104  0.0460
0.124  0.0360
0.142  0.0170
0.165  0.0380
0.182  0.2400
0.219  0.0120
0.227  0.0360
0.258  0.3800
0.280  0.0270
0.283  0.0270
0.413  0.0320
0.477  0.0340
0.663  0.0123
0.746  0.0160
0.750  0.0540
0.786  0.0490
0.833  0.0070
0.844  0.0250
0.855  0.0160
0.855  0.1070
0.867  0.0220
0.873  0.0038
0.890  0.2200
0.932  0.3700
0.934  0.0150
0.941  0.2100
0.957  0.0380
0.977  0.0300
1.025  0.0160
1.044  0.0650
1.049  0.0045
1.112  0.0210
1.139  0.2100
1.153  0.0200
1.226  0.0310
