43
0.076  0.0910
0.095  0.0010
0.136  0.0006
0.138  0.0007
0.149  0.0003
0.153  0.0031
0.177  0.6600
0.223  0.0030
0.233  0.0009
0.273  0.8570
0.288  0.0154
0.316  0.0009
0.320  0.0027
0.349  0.0026
0.349  0.0035
0.358  0.0052
0.364  0.0270
0.366  0.9200
0.387  0.0033
0.444  0.0109
0.452  0.0030
0.459  0.0056
0.482  0.0014
0.494  0.1140
0.502  0.0023
0.554  0.0028
0.628  0.0270
0.861  0.0162
0.992  0.8700
1.065  0.0009
1.129  0.0018
1.175  0.0014
1.215  0.0018
1.242  0.0172
1.265  0.0219
1.305  0.0065
1.317  0.0009
1.318  0.0009
1.353  0.0012
1.359  0.0006
1.448  0.0016
1.530  0.0016
1.631  0.0018
