59
0.135  0.0430
0.139  0.0076
0.162  0.0029
0.188  0.0077
0.217  0.0023
0.235  0.0213
0.279  0.0014
0.320  0.0046
0.405  0.0737
0.411  0.0057
0.433  0.0415
0.459  0.0131
0.489  0.0145
0.514  0.0224
0.541  0.0766
0.571  0.0031
0.595  0.1110
0.622  0.1060
0.628  0.0222
0.677  0.0790
0.707  0.0083
0.731  0.0183
0.739  0.0069
0.767  0.0415
0.816  0.0062
0.847  0.9600
0.857  0.0670
0.884  0.6510
0.923  0.0014
0.948  0.0401
0.967  0.0039
0.975  0.0479
1.040  0.0203
1.073  0.1490
1.103  0.0080
1.136  0.0910
1.159  0.0034
1.164  0.0013
1.190  0.0035
1.239  0.0021
1.336  0.0014
1.353  0.0041
1.395  0.0008
1.455  0.0230
1.470  0.0076
1.614  0.0431
1.629  0.0019
1.644  0.0039
1.741  0.0256
1.807  0.0555
1.926  0.0018
2.021  0.0019
2.237  0.0005
2.409  0.0008
2.453  0.0006
2.467  0.0013
2.513  0.0007
2.630  0.0007
2.646  0.0002
