43
0.310  0.0018
0.450  0.0055
0.475  0.0026
0.538  0.0120
0.583  0.0024
0.887  0.0045
0.935  0.0800
1.045  0.0036
1.090  0.0740
1.105  0.0150
1.130  0.0026
1.169  0.5000
1.241  0.0090
1.281  0.0059
1.410  0.0110
1.464  0.0250
1.474  0.0170
1.588  0.0240
1.697  0.0130
1.739  0.0200
1.784  0.0150
1.817  0.0240
1.893  0.0040
1.923  0.0100
1.946  0.0038
1.961  0.0120
2.104  0.0650
2.258  0.0310
2.351  0.0140
2.579  0.0100
2.786  0.0070
2.906  0.0072
3.051  0.0170
3.058  0.0062
3.129  0.0110
3.226  0.0100
3.520  0.1660
3.886  0.0360
3.955  0.0390
4.038  0.0170
4.227  0.0029
4.298  0.1180
4.510  0.0020
