90
0.121  0.0008
0.226  0.0002
0.245  0.0043
0.403  0.0004
0.411  0.0011
0.451  0.0004
0.536  0.0006
0.559  0.0001
0.607  0.0310
0.618  0.4300
0.629  0.0002
0.649  0.0001
0.664  0.0003
0.687  0.0003
0.693  0.0119
0.695  0.0290
0.715  0.0005
0.719  0.0027
0.752  0.0004
0.762  0.0006
0.785  0.0004
0.798  0.0051
0.802  0.0003
0.816  0.0013
0.843  0.0001
0.851  0.0102
0.862  0.0022
0.887  0.0004
0.895  0.0001
0.919  0.0008
0.947  0.0009
0.957  0.0001
0.958  0.0003
0.984  0.0005
1.007  0.0011
1.038  0.0007
1.063  0.0009
1.073  0.0005
1.104  0.0042
1.126  0.0018
1.194  0.0006
1.254  0.0037
1.282  0.0006
1.297  0.0002
1.312  0.0111
1.322  0.0003
1.357  0.0047
1.388  0.0530
1.399  0.0003
1.412  0.0003
1.447  0.0003
1.451  0.0014
1.453  0.0001
1.469  0.0060
1.539  0.0051
1.600  0.0008
1.605  0.0002
1.614  0.0280
1.653  0.0004
1.715  0.0004
1.756  0.0003
1.798  0.0089
1.889  0.0031
1.901  0.0003
1.910  0.0000
1.945  0.0008
1.953  0.0005
2.051  0.0008
2.057  0.0060
2.106  0.0240
2.148  0.0010
2.156  0.0005
2.212  0.0043
2.250  0.0001
2.507  0.0106
2.552  0.0011
2.614  0.0000
2.686  0.0025
2.724  0.0010
2.752  0.0009
2.766  0.0001
2.776  0.0001
2.829  0.0034
2.853  0.0002
2.863  0.0001
2.962  0.0002
3.133  0.0000
3.170  0.0000
3.231  0.0000
3.393  0.0000
