43
0.075  0.0000
0.081  0.0860
0.185  0.0270
0.185  0.1440
0.247  0.0000
0.260  0.8000
0.322  0.0000
0.543  0.0011
0.623  0.0089
0.697  0.0258
0.729  0.0007
0.808  0.4280
0.820  0.0003
0.857  0.0009
0.882  0.1340
0.888  0.3870
0.895  0.0003
0.944  0.0001
0.980  0.0000
1.015  0.0002
1.068  0.0056
1.092  0.0002
1.129  0.0001
1.161  0.0001
1.188  0.0001
1.195  0.0009
1.223  0.0001
1.276  0.0005
1.277  0.0004
1.373  0.0001
1.483  0.0000
1.517  0.0001
1.611  0.0014
1.665  0.0008
1.702  0.0004
1.782  0.0004
1.902  0.0001
1.919  0.0001
1.982  0.0001
1.999  0.0000
2.048  0.0005
2.083  0.0001
2.290  0.0000
