105
0.079  0.1050
0.182  0.0230
0.245  0.0010
0.528  0.0153
0.606  0.0400
0.699  0.0106
0.743  0.0360
0.752  0.0028
0.764  0.0063
0.770  0.0065
0.777  0.0078
0.780  0.0090
0.816  0.0037
0.824  0.0129
0.828  0.0039
0.853  0.0040
0.871  0.0024
0.871  0.0126
0.898  0.1240
0.906  0.0183
0.917  0.0028
0.922  0.0031
0.923  0.0162
0.926  0.0012
0.941  0.0033
0.944  0.3000
0.953  0.0198
0.962  0.0189
0.977  0.1630
0.987  0.0135
0.998  0.0038
1.004  0.0048
1.005  0.0123
1.034  0.0014
1.062  0.0032
1.108  0.0510
1.116  0.0126
1.138  0.0021
1.141  0.0018
1.180  0.0033
1.184  0.0300
1.186  0.0290
1.187  0.0440
1.216  0.0008
1.234  0.0016
1.260  0.0039
1.264  0.0021
1.264  0.0220
1.284  0.0006
1.292  0.0027
1.302  0.0018
1.312  0.0027
1.323  0.0023
1.348  0.0165
1.354  0.0012
1.372  0.0008
1.372  0.0013
1.434  0.0006
1.438  0.0004
1.475  0.0005
1.517  0.0003
1.531  0.0006
1.597  0.0002
1.644  0.0004
1.693  0.0006
1.703  0.0014
1.714  0.0018
1.738  0.0013
1.768  0.0004
1.785  0.0007
1.794  0.0001
1.815  0.0004
1.836  0.0004
1.850  0.0015
1.885  0.0123
1.930  0.0004
1.944  0.0162
1.964  0.0013
2.024  0.0092
2.136  0.0013
2.189  0.0003
2.215  0.0011
2.246  0.0046
2.261  0.0025
2.315  0.0002
2.326  0.0002
2.341  0.0003
2.368  0.0079
2.396  0.0005
2.396  0.0005
2.421  0.0001
2.447  0.0076
2.451  0.0023
2.476  0.0004
2.499  0.0006
2.521  0.0001
2.542  0.0001
2.564  0.0001
2.601  0.0003
2.640  0.0001
2.673  0.0001
2.744  0.0006
2.764  0.0002
2.824  0.0003
2.844  0.0002
