108
0.094  0.3380
0.346  0.0830
0.439  0.0210
0.510  0.0017
0.593  0.0129
0.603  0.0284
0.750  0.0011
0.875  0.0011
0.913  0.0007
0.918  0.0019
0.948  0.0117
0.994  0.0030
1.006  0.0009
1.023  0.0044
1.035  0.0013
1.042  0.0220
1.137  0.0390
1.150  0.0007
1.174  0.0010
1.206  0.0011
1.231  0.0029
1.274  0.0025
1.300  0.0016
1.368  0.0076
1.388  0.0022
1.482  0.0145
1.503  0.0009
1.594  0.0041
1.616  0.0247
1.625  0.0050
1.625  0.0072
1.628  0.0091
1.647  0.0026
1.712  0.0021
1.720  0.0031
1.740  0.0142
1.766  0.0017
1.794  0.0013
1.823  0.0036
1.841  0.0013
1.849  0.0331
1.860  0.0015
1.874  0.0011
1.917  0.0076
1.943  0.0040
1.953  0.0007
1.971  0.0670
2.014  0.0027
2.036  0.0037
2.065  0.0079
2.143  0.0067
2.162  0.0012
2.218  0.0028
2.237  0.0014
2.255  0.0013
2.263  0.0015
2.322  0.0045
2.449  0.0015
2.506  0.0143
2.564  0.1260
2.783  0.0033
2.790  0.0049
2.847  0.0065
2.873  0.0019
2.898  0.0021
2.926  0.0152
2.959  0.0013
2.991  0.0020
3.008  0.0027
3.147  0.0066
3.271  0.0045
3.285  0.0016
3.302  0.0014
3.338  0.0022
3.353  0.0020
3.395  0.0032
3.411  0.0008
3.446  0.0149
3.600  0.1040
3.604  0.0037
3.639  0.0122
3.644  0.0079
3.683  0.0008
3.736  0.0057
3.746  0.0020
3.801  0.0015
3.839  0.0062
3.844  0.0102
3.888  0.0028
3.939  0.0018
3.950  0.0065
3.985  0.0042
4.043  0.0074
4.064  0.0004
4.078  0.0410
4.096  0.0024
4.157  0.0070
4.172  0.0028
4.189  0.0023
4.234  0.0022
4.249  0.0034
4.254  0.0038
4.265  0.0144
4.297  0.0011
4.358  0.0005
4.391  0.0005
4.453  0.0014
4.699  0.0002
