96
0.080  0.0140
0.124  0.0110
0.128  0.1700
0.156  0.0065
0.156  0.0010
0.158  0.0031
0.163  0.0320
0.203  0.0031
0.204  0.0010
0.232  0.0016
0.283  0.0009
0.292  0.0056
0.299  0.0015
0.313  0.0027
0.352  0.0066
0.361  0.0013
0.366  0.0010
0.380  0.0100
0.388  0.0120
0.406  0.0031
0.423  0.0054
0.437  0.0055
0.452  0.0018
0.462  0.0250
0.465  0.0066
0.474  0.0360
0.486  0.0049
0.511  0.0800
0.516  0.0018
0.538  0.0017
0.551  0.0120
0.574  0.0015
0.586  0.0025
0.590  0.0310
0.667  0.0240
0.681  0.0022
0.689  0.0027
0.694  0.0041
0.701  0.0022
0.707  0.0023
0.714  0.0053
0.744  0.0007
0.795  0.0015
0.813  0.0029
0.822  0.0034
0.833  0.0039
0.885  0.0009
0.889  0.0063
0.967  0.0022
0.968  0.0012
0.997  0.0360
1.005  0.0015
1.011  0.0023
1.063  0.0048
1.095  0.0049
1.119  0.0043
1.125  0.1000
1.130  0.0039
1.170  0.0160
1.174  0.0110
1.191  0.0040
1.205  0.0014
1.211  0.0580
1.233  0.0054
1.251  0.0032
1.283  0.0073
1.290  0.0020
1.298  0.0150
1.389  0.0024
1.396  0.0049
1.411  0.0013
1.418  0.0007
1.435  0.0036
1.464  0.0015
1.518  0.0015
1.536  0.0026
1.568  0.0130
1.581  0.0009
1.634  0.0090
1.669  0.0043
1.685  0.0230
1.762  0.0022
1.994  0.0026
2.008  0.0020
2.028  0.0024
2.103  0.0034
2.106  0.0065
2.369  0.0019
2.388  0.0065
2.402  0.0010
2.533  0.0160
2.552  0.0014
2.565  0.0150
2.661  0.0260
2.675  0.0010
2.694  0.0400
