44
0.386  0.0002
0.394  0.0012
0.570  0.0054
0.704  0.0004
0.756  0.0011
0.815  0.0320
0.964  0.0015
1.071  0.0001
1.239  0.0004
1.273  0.0010
1.326  0.0013
1.385  0.0035
1.399  0.0005
1.465  0.0004
1.712  0.0042
1.778  0.0004
1.817  0.0006
1.895  0.0005
1.969  0.0007
2.006  0.0007
2.232  0.0008
2.821  0.0060
2.860  0.0003
2.913  0.0007
3.110  0.0010
3.502  0.0004
3.671  0.0004
3.824  0.0004
4.240  0.0003
4.508  0.0006
4.638  0.0021
4.809  0.0010
4.836  0.0010
4.923  0.0011
5.086  0.0008
5.188  0.0024
5.215  0.0011
5.302  0.0008
5.584  0.0016
5.739  0.0007
5.901  0.0009
6.004  0.0006
6.030  0.0008
6.115  0.0008
