58
0.009  0.0270
0.048  0.0009
0.055  0.0370
0.078  0.0126
0.088  0.0150
0.093  0.0135
0.103  0.0063
0.112  0.0210
0.115  0.0045
0.132  0.0122
0.134  0.1350
0.136  0.0101
0.141  0.0101
0.143  0.0680
0.148  0.0055
0.154  0.0050
0.158  0.0092
0.163  0.0072
0.172  0.0100
0.187  0.0280
0.190  0.0163
0.199  0.0100
0.200  0.0018
0.214  0.0018
0.234  0.0034
0.243  0.0009
0.245  0.0570
0.246  0.0024
0.248  0.0015
0.250  0.0069
0.290  0.0008
0.300  0.0063
0.305  0.0310
0.311  0.0031
0.317  0.0030
0.336  0.0022
0.394  0.0041
0.405  0.0070
0.410  0.0036
0.410  0.0092
0.463  0.0019
0.482  0.0024
0.497  0.0070
0.502  0.0020
0.507  0.0080
0.519  0.0011
0.520  0.0065
0.560  0.0014
0.605  0.0100
0.627  0.0050
0.638  0.0014
0.640  0.0018
0.693  0.0019
1.649  0.0016
1.658  0.0063
1.682  0.0032
1.700  0.0011
1.709  0.0019
