37
0.020  0.0002
0.035  0.0437
0.062  0.0000
0.081  0.0001
0.111  0.0000
0.117  0.0026
0.133  0.0000
0.173  0.0019
0.176  0.0684
0.179  0.0003
0.199  0.0001
0.204  0.0032
0.208  0.0025
0.209  0.0004
0.228  0.0013
0.315  0.0000
0.321  0.0042
0.332  0.0000
0.367  0.0001
0.380  0.0152
0.402  0.0001
0.408  0.0018
0.428  0.2960
0.444  0.0031
0.463  0.1049
0.490  0.0000
0.491  0.0000
0.497  0.0000
0.503  0.0000
0.539  0.0000
0.601  0.1765
0.607  0.0498
0.617  0.0001
0.636  0.1122
0.653  0.0000
0.671  0.0179
0.693  0.0000
