54
0.075  0.1210
0.099  0.0084
0.103  0.0324
0.123  0.0023
0.173  0.5230
0.188  0.0089
0.215  0.0032
0.225  0.0213
0.265  0.0110
0.266  0.0900
0.286  0.0013
0.287  0.0028
0.301  0.0026
0.310  0.0335
0.409  0.0940
0.413  0.4420
0.417  0.0790
0.451  0.0105
0.491  0.0267
0.516  0.4600
0.556  0.0051
0.561  0.0387
0.606  0.0115
0.646  0.0013
0.658  0.0145
0.738  0.0750
0.746  0.0161
0.763  0.0216
0.770  0.0220
0.781  0.0099
0.822  0.3460
0.826  0.0102
0.878  0.0057
0.925  0.1080
0.928  0.0094
0.968  0.0204
0.995  0.2830
1.006  0.0186
1.013  0.0710
1.033  0.0139
1.047  0.0131
1.052  0.0044
1.076  0.0220
1.122  0.0037
1.145  0.0078
1.183  0.0078
1.194  0.0013
1.235  0.0591
1.264  0.0062
1.316  0.0167
1.387  0.0162
1.408  0.0057
1.484  0.0029
1.750  0.0057
