62
0.059  0.0054
0.069  0.0068
0.097  0.0090
0.118  0.1800
0.142  0.0022
0.152  0.0016
0.156  0.0018
0.156  0.0092
0.159  0.0095
0.170  0.0009
0.184  0.0072
0.186  0.0970
0.208  0.0004
0.215  0.0410
0.215  0.0079
0.215  0.0520
0.218  0.0057
0.226  0.0036
0.236  0.0370
0.246  0.0056
0.273  0.0018
0.274  0.0340
0.280  0.0070
0.283  0.0410
0.290  0.0039
0.293  0.0039
0.309  0.0050
0.319  0.0070
0.320  0.0083
0.333  0.0086
0.335  0.0054
0.353  0.0270
0.359  0.0072
0.377  0.0041
0.383  0.0032
0.388  0.0086
0.394  0.0060
0.399  0.0360
0.402  0.0220
0.411  0.0102
0.416  0.0011
0.433  0.0022
0.437  0.0048
0.438  0.0750
0.462  0.0020
0.469  0.0009
0.480  0.0014
0.491  0.0029
0.495  0.0145
0.506  0.0018
0.506  0.0002
0.508  0.0153
0.517  0.0180
0.520  0.0004
0.524  0.0057
0.558  0.0086
0.571  0.0170
0.571  0.0011
0.599  0.0180
0.645  0.0057
0.647  0.0016
0.710  0.0036
