79
0.033  0.0029
0.074  0.0015
0.078  0.0004
0.117  0.0122
0.146  0.0040
0.160  0.0044
0.196  0.1260
0.229  0.0250
0.232  0.0830
0.234  0.0025
0.238  0.0039
0.263  0.0370
0.273  0.0430
0.299  0.0081
0.303  0.0049
0.306  0.0680
0.389  0.0076
0.407  0.0033
0.417  0.0014
0.438  0.0009
0.467  0.0300
0.467  0.0160
0.480  0.0013
0.516  0.0014
0.524  0.0025
0.527  0.0340
0.535  0.0135
0.553  0.0023
0.559  0.0011
0.571  0.0160
0.590  0.0011
0.602  0.0005
0.602  0.0035
0.605  0.0155
0.612  0.0088
0.616  0.0015
0.619  0.0029
0.627  0.0290
0.660  0.0480
0.662  0.0300
0.670  0.0020
0.671  0.0030
0.729  0.0137
0.757  0.0052
0.776  0.0020
0.779  0.0064
0.787  0.0019
0.792  0.0066
0.793  0.0006
0.823  0.0050
0.833  0.0015
0.834  0.0073
0.837  0.0052
0.847  0.0020
0.853  0.0028
0.856  0.0071
0.868  0.0076
0.872  0.0053
0.878  0.0029
0.890  0.0014
0.921  0.0020
0.934  0.0019
0.971  0.0015
0.986  0.0023
1.021  0.0026
1.024  0.0016
1.049  0.0008
1.052  0.0024
1.083  0.0035
1.101  0.0013
1.154  0.0013
1.208  0.0025
1.220  0.0025
1.253  0.0008
1.313  0.0033
1.441  0.0003
1.806  0.0047
1.909  0.0067
1.979  0.0126
