91
0.041  0.0000
0.066  0.0000
0.073  0.0310
0.080  0.0000
0.097  0.0009
0.097  0.0000
0.099  0.0002
0.107  0.0056
0.136  0.0000
0.139  0.0382
0.142  0.0007
0.155  0.0000
0.155  0.0003
0.177  0.0000
0.180  0.0017
0.181  0.0000
0.182  0.0018
0.197  0.0000
0.202  0.0000
0.219  0.0001
0.219  0.0026
0.235  0.0005
0.236  0.0000
0.252  0.0021
0.253  0.0000
0.263  0.0000
0.264  0.0000
0.280  0.0123
0.282  0.0000
0.284  0.0000
0.289  0.0014
0.290  0.0000
0.292  0.0000
0.299  0.0019
0.315  0.0000
0.317  0.0000
0.322  0.0125
0.333  0.0000
0.336  0.0000
0.337  0.0000
0.350  0.0001
0.354  0.0000
0.358  0.0001
0.362  0.0000
0.362  0.0028
0.377  0.0006
0.377  0.0000
0.378  0.0000
0.379  0.0001
0.383  0.0000
0.388  0.0123
0.414  0.0000
0.418  0.0001
0.418  0.0000
0.418  0.0005
0.420  0.0016
0.441  0.0009
0.449  0.0000
0.461  0.0388
0.482  0.0000
0.483  0.0000
0.484  0.0017
0.486  0.0001
0.487  0.0000
0.491  0.0000
0.512  0.0000
0.515  0.0001
0.517  0.0000
0.525  0.0002
0.532  0.0008
0.556  0.0000
0.557  0.0131
0.559  0.0048
0.560  0.0000
0.573  0.0002
0.598  0.0000
0.602  0.0000
0.621  0.0000
0.639  0.0001
0.668  0.0000
0.695  0.0000
0.710  0.0000
0.712  0.0002
0.735  0.0000
0.776  0.0000
0.778  0.0000
0.784  0.0000
0.801  0.0000
0.849  0.0000
0.874  0.0002
0.891  0.0000
