49
0.182  0.6500
0.258  0.0390
0.285  0.0350
0.303  0.0580
0.331  0.7800
0.455  0.0480
0.463  0.0080
0.468  0.1800
0.484  0.0220
0.507  0.0200
0.596  0.0100
0.627  0.0280
0.636  0.0160
0.658  0.0170
0.669  0.0110
0.681  0.0650
0.687  0.0320
0.732  0.2200
0.793  1.0000
0.830  0.0180
0.840  1.0000
0.856  0.0160
0.883  0.0120
0.915  0.0180
0.926  0.0040
0.935  0.1900
0.992  0.0190
1.000  0.0230
1.031  0.0150
1.076  0.0040
1.089  0.0370
1.134  0.0040
1.138  0.0030
1.141  0.0200
1.239  0.0180
1.258  0.0100
1.292  0.0370
1.369  0.0110
1.419  0.0120
1.444  0.0250
1.473  0.0060
1.521  0.0080
1.534  0.0090
1.562  0.0060
1.582  0.0190
1.656  0.0080
1.750  0.0030
1.763  0.0250
2.023  0.0040
