68
0.026  0.0000
0.031  0.0000
0.033  0.0000
0.036  0.0024
0.057  0.0007
0.059  0.0009
0.059  0.0003
0.070  0.0077
0.095  0.0003
0.101  0.0000
0.117  0.0001
0.121  0.0003
0.124  0.0003
0.132  0.0000
0.138  0.0003
0.147  0.0124
0.150  0.0079
0.152  0.0003
0.161  0.0003
0.164  0.0002
0.167  0.0001
0.181  0.0002
0.186  0.0190
0.189  0.0050
0.197  0.0011
0.206  0.0007
0.211  0.0001
0.217  0.0550
0.218  0.0003
0.219  0.0450
0.223  0.0001
0.234  0.0007
0.240  0.0001
0.245  0.0350
0.256  0.0001
0.265  0.0002
0.271  0.0001
0.274  0.0001
0.276  0.0031
0.296  0.0003
0.307  0.0001
0.324  0.0001
0.344  0.0004
0.351  0.0003
0.366  0.0004
0.380  0.0002
0.383  0.0003
0.388  0.0001
0.397  0.0010
0.403  0.0001
0.404  0.0007
0.429  0.0005
0.429  0.0006
0.439  0.0002
0.439  0.0000
0.441  0.0001
0.453  0.0001
0.455  0.0015
0.463  0.0014
0.480  0.0003
0.483  0.0004
0.497  0.0013
0.499  0.0007
0.504  0.0025
0.530  0.0006
0.550  0.0004
0.563  0.0050
0.600  0.0028
