110
0.233  0.0016
0.259  0.0011
0.302  0.0011
0.444  0.0006
0.471  0.0039
0.485  0.0106
0.493  0.0500
0.498  0.0096
0.505  0.0010
0.521  0.0012
0.541  0.0016
0.545  0.0006
0.552  0.0011
0.596  0.9180
0.604  0.0285
0.608  0.1440
0.639  0.0083
0.652  0.0006
0.702  0.0077
0.715  0.0022
0.734  0.0011
0.784  0.0067
0.809  0.0029
0.868  0.0870
0.887  0.0034
0.942  0.0127
0.961  0.0162
0.975  0.0027
0.994  0.0064
1.000  0.0013
1.000  0.0013
1.024  0.0014
1.024  0.0007
1.101  0.0542
1.132  0.0087
1.135  0.0019
1.135  0.0019
1.160  0.0063
1.177  0.0024
1.184  0.0028
1.204  0.0762
1.313  0.0062
1.332  0.0174
1.337  0.0080
1.337  0.0080
1.358  0.0016
1.418  0.0011
1.443  0.0180
1.443  0.0180
1.472  0.0019
1.478  0.0030
1.489  0.0288
1.510  0.0023
1.570  0.0097
1.602  0.0029
1.617  0.0013
1.631  0.0009
1.677  0.0073
1.745  0.0482
1.830  0.0190
1.941  0.0540
1.971  0.0020
1.999  0.0040
2.005  0.0025
2.005  0.0025
2.014  0.0129
2.024  0.0045
2.036  0.0017
2.074  0.0027
2.098  0.0086
2.110  0.0011
2.131  0.0020
2.139  0.0084
2.198  0.0050
2.198  0.0033
2.232  0.0010
2.257  0.0175
2.279  0.0234
2.354  0.4470
2.362  0.0017
2.438  0.0028
2.486  0.0007
2.504  0.0065
2.580  0.0128
2.617  0.0024
2.625  0.0007
2.691  0.0100
2.738  0.0010
2.747  0.0084
2.772  0.0011
2.786  0.0063
2.791  0.0049
2.971  0.0108
2.997  0.0010
3.019  0.0006
3.030  0.0008
3.044  0.0005
3.211  0.0040
3.211  0.0040
3.232  0.0060
3.274  0.0003
3.299  0.0035
3.354  0.0070
3.605  0.0036
3.627  0.0003
3.639  0.0004
3.639  0.0007
3.717  0.0003
3.895  0.0004
3.992  0.0003
