61
0.153  0.0012
0.154  0.0025
0.213  0.0760
0.215  0.0002
0.269  0.1180
0.368  0.0151
0.369  0.0090
0.522  0.0290
0.583  0.0034
0.637  0.0213
0.737  0.0187
0.789  0.0026
0.891  0.0156
0.972  0.0036
1.002  0.0057
1.034  0.0026
1.099  0.0042
1.188  0.0021
1.223  0.3600
1.386  0.0166
1.492  0.0078
1.556  0.0146
1.591  0.1280
1.744  0.0360
2.046  0.0016
2.174  0.0080
2.225  0.0026
2.227  0.0052
2.306  0.0250
2.412  0.0021
2.421  0.0400
2.526  0.0057
2.539  0.0036
2.574  0.0340
2.593  0.0026
2.673  0.0031
2.680  0.0083
2.708  0.0031
2.729  0.0114
2.779  0.0021
2.834  0.0021
2.862  0.0026
2.942  0.1500
2.962  0.0010
3.017  0.0042
3.048  0.0047
3.056  0.0021
3.066  0.0151
3.176  0.0016
3.230  0.0320
3.254  0.0052
3.311  0.0790
3.417  0.0052
3.598  0.0042
3.639  0.0021
4.109  0.0021
4.165  0.0057
4.271  0.0026
4.399  0.0146
4.452  0.0880
4.492  0.0187
