39
0.049  0.0022
0.063  0.0340
0.072  0.1000
0.092  0.0180
0.101  0.0140
0.111  0.0027
0.133  0.0001
0.134  0.0039
0.141  0.0006
0.148  0.0048
0.151  0.0017
0.177  0.0005
0.184  0.0100
0.189  0.0140
0.193  0.0012
0.197  0.0011
0.198  0.0029
0.203  0.0260
0.212  0.0097
0.252  0.0085
0.256  0.0014
0.260  0.0029
0.275  0.0009
0.285  0.0160
0.288  0.0009
0.293  0.0037
0.296  0.0010
0.316  0.0009
0.376  0.0003
0.438  0.0003
0.440  0.0003
0.449  0.0130
0.458  0.0160
0.470  0.0250
0.479  0.0210
0.484  0.0016
0.490  0.0037
0.509  0.0056
0.537  0.0010
