218
0.007  0.0009
0.008  0.0001
0.020  0.0024
0.030  0.0001
0.030  0.0008
0.032  0.0007
0.033  0.0001
0.040  0.0001
0.042  0.0003
0.044  0.0021
0.044  0.0006
0.044  0.0005
0.044  0.0000
0.044  0.0001
0.048  0.0001
0.050  0.0043
0.050  0.0840
0.051  0.0001
0.054  0.0001
0.054  0.0000
0.056  0.0000
0.056  0.0001
0.061  0.0009
0.062  0.0020
0.062  0.0020
0.063  0.0001
0.064  0.0003
0.069  0.0006
0.069  0.0006
0.070  0.0001
0.073  0.0003
0.074  0.0001
0.075  0.0003
0.080  0.0195
0.090  0.0000
0.094  0.0151
0.095  0.0003
0.095  0.0003
0.096  0.0007
0.100  0.0003
0.100  0.0001
0.100  0.0008
0.103  0.0000
0.108  0.0001
0.108  0.0001
0.109  0.0001
0.111  0.0000
0.113  0.0054
0.113  0.0015
0.117  0.0020
0.124  0.0001
0.124  0.0000
0.135  0.0003
0.141  0.0012
0.141  0.0012
0.150  0.0001
0.162  0.0001
0.168  0.0001
0.170  0.0001
0.173  0.0002
0.176  0.0002
0.185  0.0004
0.198  0.0001
0.201  0.0001
0.202  0.0002
0.204  0.0023
0.205  0.0016
0.206  0.0025
0.211  0.0125
0.213  0.0008
0.213  0.0002
0.219  0.0011
0.219  0.0011
0.226  0.0001
0.230  0.0000
0.235  0.0045
0.236  0.1290
0.246  0.0001
0.250  0.0001
0.250  0.0001
0.250  0.0045
0.253  0.0011
0.255  0.0071
0.256  0.0700
0.263  0.0011
0.267  0.0001
0.268  0.0001
0.271  0.0003
0.273  0.0051
0.280  0.0005
0.281  0.0000
0.281  0.0018
0.281  0.0018
0.284  0.0004
0.286  0.0004
0.286  0.0174
0.290  0.0190
0.290  0.0002
0.292  0.0007
0.296  0.0044
0.300  0.0221
0.300  0.0001
0.304  0.0115
0.308  0.0002
0.313  0.0052
0.315  0.0049
0.315  0.0049
0.318  0.0001
0.319  0.0003
0.325  0.0001
0.326  0.0001
0.330  0.0290
0.334  0.0114
0.340  0.0000
0.343  0.0035
0.346  0.0001
0.351  0.0011
0.353  0.0001
0.363  0.0005
0.369  0.0001
0.371  0.0000
0.375  0.0000
0.376  0.0001
0.382  0.0001
0.384  0.0003
0.399  0.0000
0.402  0.0001
0.415  0.0000
0.432  0.0000
0.448  0.0000
0.458  0.0000
0.467  0.0000
0.480  0.0000
0.482  0.0000
0.493  0.0000
0.508  0.0000
0.517  0.0000
0.524  0.0000
0.535  0.0000
0.537  0.0000
0.552  0.0000
0.556  0.0000
0.569  0.0000
0.576  0.0000
0.579  0.0000
0.589  0.0000
0.596  0.0000
0.608  0.0000
0.621  0.0000
0.624  0.0000
0.632  0.0000
0.641  0.0000
0.644  0.0000
0.663  0.0000
0.692  0.0000
0.704  0.0000
0.707  0.0000
0.719  0.0000
0.722  0.0000
0.724  0.0000
0.734  0.0000
0.735  0.0000
0.738  0.0000
0.746  0.0000
0.749  0.0000
0.754  0.0000
0.754  0.0000
0.757  0.0000
0.757  0.0000
0.762  0.0000
0.766  0.0000
0.773  0.0000
0.776  0.0000
0.781  0.0000
0.784  0.0000
0.787  0.0000
0.787  0.0000
0.793  0.0000
0.793  0.0000
0.797  0.0000
0.804  0.0000
0.809  0.0000
0.813  0.0000
0.818  0.0000
0.818  0.0000
0.823  0.0000
0.827  0.0000
0.829  0.0000
0.829  0.0000
0.838  0.0000
0.843  0.0000
0.847  0.0000
0.848  0.0000
0.854  0.0000
0.857  0.0000
0.859  0.0000
0.863  0.0000
0.867  0.0000
0.876  0.0000
0.878  0.0000
0.891  0.0000
0.893  0.0000
0.896  0.0000
0.909  0.0000
0.910  0.0000
0.920  0.0000
0.927  0.0000
0.938  0.0000
0.942  0.0000
0.959  0.0000
0.970  0.0000
0.972  0.0000
0.990  0.0000
0.995  0.0000
1.000  0.0000
1.015  0.0000
1.020  0.0000
1.025  0.0000
