114
0.095  0.0004
0.116  0.0009
0.146  0.0009
0.180  0.0284
0.245  0.0040
0.268  0.0021
0.295  0.0083
0.314  0.0012
0.318  0.0023
0.330  0.0007
0.333  0.0017
0.351  0.0008
0.354  0.0010
0.359  0.0239
0.364  0.0031
0.405  0.0117
0.410  0.0023
0.415  0.0010
0.422  0.0005
0.435  0.0021
0.453  0.0054
0.472  0.0004
0.500  0.0043
0.505  0.0052
0.514  0.0015
0.523  0.0155
0.525  0.0016
0.545  0.1542
0.590  0.0002
0.593  0.0004
0.606  0.0015
0.634  0.0253
0.648  0.0012
0.654  0.0297
0.670  0.0096
0.683  0.0576
0.684  0.0062
0.695  0.0040
0.707  0.0014
0.737  0.0044
0.761  0.0432
0.769  0.0032
0.773  0.0282
0.786  0.0107
0.787  0.0174
0.796  0.0004
0.813  0.4820
0.820  0.0139
0.827  0.0007
0.833  0.0006
0.840  0.0003
0.850  0.0008
0.861  0.0007
0.875  0.0053
0.877  0.0275
0.903  0.0014
0.915  0.2330
0.941  0.0077
0.967  0.0896
0.993  0.0010
0.997  0.0018
1.000  0.0005
1.022  0.0003
1.031  0.1513
1.037  0.0031
1.088  0.0041
1.105  0.0034
1.122  0.0009
1.127  0.0012
1.148  0.0009
1.168  0.0025
1.180  0.0005
1.196  0.0009
1.209  0.0094
1.212  0.0038
1.233  0.0005
1.238  0.0024
1.258  0.0040
1.263  0.0091
1.273  0.0016
1.282  0.0056
1.287  0.0010
1.299  0.0012
1.301  0.0020
1.318  0.0046
1.327  0.0069
1.385  0.0010
1.419  0.0039
1.438  0.0032
1.476  0.0007
1.481  0.0037
1.501  0.0006
1.527  0.0055
1.541  0.0007
1.570  0.0087
1.582  0.0003
1.600  0.0058
1.607  0.0002
1.622  0.0021
1.647  0.0003
1.656  0.0131
1.669  0.0002
1.691  0.0004
1.738  0.0745
1.762  0.0003
1.780  0.0008
1.843  0.0002
1.872  0.0036
1.891  0.0002
2.071  0.0073
2.086  0.0005
2.115  0.0042
2.135  0.0004
2.265  0.0003
