44
0.150  0.0003
0.204  0.0000
0.233  0.0029
0.246  0.0004
0.263  0.0036
0.267  0.0012
0.345  0.0010
0.361  0.0011
0.372  0.0001
0.382  0.0004
0.387  0.0006
0.418  0.0015
0.423  0.0031
0.439  0.0004
0.510  0.0000
0.511  0.0183
0.522  0.0004
0.530  0.8700
0.538  0.0004
0.554  0.0000
0.556  0.0002
0.618  0.0054
0.649  0.0006
0.670  0.0004
0.679  0.0002
0.680  0.0065
0.707  0.0151
0.768  0.0046
0.790  0.0005
0.821  0.0015
0.856  0.0124
0.875  0.0451
0.910  0.0021
0.911  0.0005
1.036  0.0001
1.052  0.0056
1.060  0.0014
1.088  0.0001
1.236  0.0151
1.298  0.0235
1.327  0.0000
1.350  0.0015
1.386  0.0001
1.590  0.0000
