174
0.030  0.0010
0.134  0.0002
0.175  0.0013
0.177  0.0121
0.179  0.0300
0.182  0.0076
0.208  0.0107
0.211  0.2500
0.218  0.0010
0.234  0.0006
0.250  0.0007
0.254  0.0240
0.258  0.0014
0.261  0.0167
0.281  0.0028
0.291  0.0810
0.298  0.0040
0.311  0.0037
0.319  0.0003
0.352  0.0013
0.356  0.0005
0.365  0.0034
0.368  0.0208
0.387  0.0004
0.398  0.0146
0.408  0.0040
0.425  0.0047
0.431  0.0280
0.432  0.0031
0.435  0.0025
0.436  0.0179
0.455  0.0008
0.459  0.0030
0.462  0.0009
0.466  0.0139
0.472  0.0003
0.483  0.0075
0.488  0.0010
0.491  0.0001
0.507  0.0005
0.525  0.0008
0.544  0.0121
0.548  0.0015
0.572  0.0011
0.577  0.0095
0.596  0.0010
0.602  0.0044
0.604  0.0020
0.614  0.0078
0.619  0.0087
0.622  0.0030
0.634  0.0101
0.637  0.0028
0.643  0.0107
0.644  0.0027
0.647  0.0020
0.660  0.0015
0.667  0.0084
0.669  0.0086
0.682  0.0026
0.685  0.0009
0.695  0.0006
0.699  0.0014
0.713  0.0045
0.719  0.0440
0.733  0.0011
0.735  0.0010
0.742  0.0018
0.745  0.0018
0.748  0.0013
0.760  0.0014
0.765  0.0159
0.799  0.1560
0.801  0.0082
0.803  0.0012
0.806  0.0022
0.819  0.0014
0.827  0.0019
0.830  0.0012
0.831  0.0007
0.841  0.0006
0.848  0.0009
0.854  0.0184
0.856  0.0072
0.859  0.0127
0.884  0.0010
0.884  0.0037
0.891  0.0005
0.895  0.0410
0.898  0.0016
0.900  0.0003
0.917  0.0006
0.925  0.0500
0.942  0.0005
0.973  0.0067
0.980  0.1160
0.989  0.0008
1.000  0.0016
1.000  0.0007
1.003  0.0005
1.010  0.0950
1.014  0.0028
1.016  0.0007
1.033  0.0010
1.038  0.0060
1.055  0.0011
1.066  0.0017
1.067  0.0070
1.080  0.0010
1.083  0.0011
1.091  0.0004
1.110  0.0043
1.117  0.0195
1.135  0.0002
1.154  0.0015
1.157  0.0003
1.172  0.0008
1.196  0.0680
1.207  0.0008
1.240  0.0003
1.261  0.0034
1.268  0.0004
1.278  0.0006
1.286  0.0004
1.291  0.0200
1.292  0.0009
1.295  0.0189
1.296  0.0010
1.301  0.0003
1.312  0.0002
1.319  0.0010
1.322  0.0009
1.333  0.0026
1.333  0.0003
1.341  0.0009
1.353  0.0005
1.365  0.0042
1.374  0.0003
1.378  0.0026
1.403  0.0019
1.408  0.0067
1.422  0.0015
1.425  0.0002
1.443  0.0056
1.449  0.0003
1.463  0.0023
1.477  0.0011
1.497  0.0006
1.516  0.0007
1.528  0.0004
1.551  0.0009
1.591  0.0010
1.604  0.0010
1.625  0.0010
1.640  0.0003
1.649  0.0102
1.658  0.0007
1.665  0.0005
1.680  0.0006
1.684  0.0010
1.691  0.0001
2.001  0.0037
2.016  0.0030
2.056  0.0097
2.116  0.0010
2.135  0.0010
2.160  0.0012
2.163  0.0012
2.224  0.0012
2.262  0.0012
2.297  0.0050
2.307  0.0007
2.327  0.0012
2.347  0.0070
