89
0.018  0.0020
0.064  0.0550
0.071  0.0065
0.076  0.1900
0.085  0.2500
0.089  0.0150
0.095  0.0013
0.102  0.0070
0.109  0.0053
0.118  0.0020
0.129  0.0240
0.148  0.1480
0.156  0.0018
0.159  0.0950
0.173  0.0230
0.178  0.0045
0.188  0.0080
0.193  0.0013
0.198  0.0350
0.204  0.0170
0.208  0.0120
0.213  0.0038
0.214  0.0410
0.218  0.0380
0.226  0.0065
0.227  0.0120
0.237  0.0200
0.250  0.0930
0.269  0.0440
0.274  0.0115
0.287  0.0200
0.304  0.0200
0.316  0.0090
0.322  0.0120
0.322  0.0340
0.342  0.0030
0.346  0.0025
0.357  0.0078
0.361  0.0013
0.364  0.0250
0.376  0.0063
0.380  0.0050
0.387  0.0210
0.400  0.0008
0.411  0.0060
0.414  0.0160
0.417  0.0035
0.445  0.0033
0.447  0.0300
0.461  0.0040
0.478  0.0040
0.525  0.0230
0.532  0.0028
0.590  0.0008
0.661  0.0033
0.698  0.0015
0.703  0.0018
0.719  0.0050
0.725  0.0030
0.776  0.0090
0.793  0.0030
0.864  0.0023
0.868  0.0080
0.885  0.0010
0.894  0.0030
0.896  0.0043
0.946  0.0043
0.958  0.0048
0.967  0.0055
1.022  0.0023
1.043  0.0180
1.087  0.0023
1.111  0.0190
1.154  0.0065
1.210  0.0123
1.240  0.0030
1.254  0.0020
1.474  0.0060
1.541  0.0020
1.672  0.0045
1.805  0.0240
1.814  0.0120
1.933  0.0033
2.047  0.0038
2.062  0.0033
2.127  0.0033
2.325  0.0130
2.619  0.0057
2.681  0.0023
