93
0.005  0.0020
0.011  0.0069
0.068  0.0005
0.137  0.0008
0.154  0.0644
0.243  0.0379
0.258  0.3410
0.283  0.0046
0.325  0.0003
0.335  0.0012
0.371  0.0054
0.397  0.0680
0.401  0.0235
0.413  0.0007
0.435  0.2200
0.500  0.0039
0.530  0.0027
0.534  0.0002
0.538  0.0013
0.541  0.0002
0.556  0.0013
0.569  0.0033
0.586  0.0002
0.589  0.0013
0.620  0.0002
0.647  0.0002
0.654  0.0016
0.675  0.0008
0.680  0.0006
0.692  0.0003
0.694  0.0009
0.698  0.0002
0.704  0.0006
0.755  0.0003
0.774  0.0007
0.778  0.0005
0.793  0.0002
0.800  0.0002
0.816  0.0008
0.849  0.0005
0.851  0.0008
0.866  0.0032
0.869  0.0067
0.897  0.0014
0.902  0.0005
0.913  0.0035
0.917  0.0100
0.936  0.0015
0.941  0.0025
0.947  0.0007
0.953  0.0003
0.997  0.0007
1.076  0.0009
1.094  0.0044
1.099  0.0023
1.102  0.0012
1.114  0.0160
1.142  0.0056
1.145  0.0014
1.154  0.0003
1.161  0.0011
1.190  0.0009
1.195  0.0009
1.205  0.0004
1.228  0.0007
1.311  0.0009
1.357  0.0006
1.362  0.0004
1.381  0.0008
1.385  0.0008
1.473  0.0008
1.549  0.0008
1.572  0.0029
1.578  0.0006
1.615  0.0026
1.647  0.0007
1.768  0.1810
1.783  0.0004
1.799  0.0004
1.813  0.0019
1.851  0.0154
1.887  0.0008
1.925  0.0061
2.005  0.0580
2.016  0.1330
2.041  0.0003
2.079  0.0156
2.252  0.0248
2.322  0.0067
2.327  0.0006
2.475  0.0034
2.493  0.0006
2.498  0.0019
