38
0.025  0.0000
0.064  0.0001
0.069  0.0008
0.109  0.0022
0.131  0.0047
0.174  0.0013
0.242  0.0041
0.267  0.0047
0.307  0.0003
0.329  0.2030
0.398  0.0007
0.432  0.0290
0.439  0.0004
0.446  0.0000
0.487  0.4550
0.618  0.0004
0.752  0.0433
0.816  0.2328
0.868  0.0550
0.920  0.0266
0.925  0.0690
0.951  0.0052
0.993  0.0001
1.045  0.0003
1.097  0.0002
1.304  0.0004
1.405  0.0006
1.596  0.9540
1.877  0.0004
1.925  0.0001
2.083  0.0001
2.348  0.0085
2.464  0.0001
2.521  0.0346
2.547  0.0010
2.900  0.0007
3.119  0.0002
3.320  0.0000
