227
0.032  0.0044
0.055  0.0018
0.068  0.0277
0.101  0.0002
0.115  0.0006
0.116  0.0720
0.118  0.0006
0.120  0.0014
0.133  0.0019
0.148  0.0013
0.173  0.0046
0.184  0.0166
0.186  0.0010
0.194  0.0190
0.201  0.0041
0.201  0.0012
0.204  0.0010
0.206  0.2070
0.218  0.0032
0.221  0.0056
0.221  0.0230
0.226  0.1840
0.233  0.0052
0.240  0.0101
0.245  0.0242
0.249  0.0137
0.252  0.0130
0.266  0.0047
0.272  0.0010
0.288  0.0030
0.304  0.0027
0.310  0.0026
0.324  0.0046
0.350  0.0010
0.353  0.0022
0.354  0.0012
0.358  0.1280
0.359  0.0021
0.367  0.0170
0.381  0.0025
0.383  0.0046
0.405  0.0008
0.410  0.0023
0.415  0.0025
0.427  0.0990
0.436  0.0043
0.451  0.0010
0.455  0.0004
0.456  0.0015
0.458  0.0006
0.463  0.0021
0.466  0.0236
0.478  0.0015
0.480  0.0015
0.482  0.0010
0.485  0.0023
0.500  0.0065
0.531  0.0012
0.565  0.0021
0.566  0.0019
0.575  0.0012
0.585  0.0014
0.600  0.0034
0.607  0.0010
0.612  0.0011
0.617  0.0019
0.619  0.0009
0.621  0.0075
0.622  0.0046
0.626  0.0035
0.639  0.0005
0.643  0.0060
0.645  0.0019
0.646  0.0008
0.652  0.0004
0.667  0.0024
0.672  0.0087
0.677  0.0079
0.681  0.0047
0.684  0.0019
0.686  0.0043
0.693  0.0005
0.699  0.0004
0.723  0.0010
0.750  0.0012
0.751  0.0006
0.755  0.0022
0.800  0.0012
0.803  0.0006
0.803  0.0019
0.818  0.0023
0.820  0.0005
0.820  0.0410
0.827  0.0057
0.833  0.0009
0.838  0.0010
0.840  0.0068
0.840  0.0016
0.847  0.0106
0.861  0.0006
0.870  0.0010
0.874  0.0007
0.876  0.0021
0.880  0.0015
0.884  0.0031
0.890  0.0031
0.890  0.0199
0.903  0.0046
0.905  0.0036
0.917  0.0064
0.932  0.0007
0.952  0.0087
0.961  0.0006
0.981  0.0016
0.986  0.0012
1.002  0.0021
1.008  0.0014
1.012  0.0250
1.023  0.0024
1.026  0.0147
1.033  0.0010
1.039  0.0028
1.043  0.0052
1.053  0.0087
1.054  0.0017
1.068  0.0008
1.073  0.0079
1.078  0.0093
1.082  0.0012
1.082  0.0029
1.085  0.0041
1.096  0.0046
1.098  0.0019
1.106  0.0008
1.113  0.0130
1.133  0.0010
1.139  0.0022
1.151  0.0022
1.153  0.0038
1.155  0.0012
1.167  0.0008
1.177  0.0010
1.187  0.0006
1.208  0.0016
1.210  0.0032
1.230  0.0017
1.238  0.0017
1.238  0.0056
1.257  0.0091
1.275  0.0006
1.279  0.0021
1.284  0.0060
1.287  0.0025
1.292  0.0050
1.305  0.0460
1.335  0.0018
1.347  0.0033
1.353  0.0018
1.357  0.0029
1.370  0.0048
1.399  0.0015
1.450  0.0025
1.451  0.0017
1.471  0.0041
1.485  0.0012
1.502  0.0380
1.512  0.0064
1.513  0.0095
1.522  0.0006
1.537  0.0350
1.537  0.0019
1.538  0.0017
1.545  0.0023
1.567  0.0041
1.570  0.0017
1.575  0.0025
1.577  0.0012
1.585  0.0038
1.589  0.0016
1.616  0.0093
1.617  0.0021
1.620  0.0006
1.641  0.0006
1.657  0.0066
1.667  0.0075
1.689  0.0004
1.690  0.0041
1.712  0.0011
1.715  0.0011
1.720  0.0151
1.723  0.0099
1.735  0.0128
1.756  0.0039
1.757  0.0298
1.758  0.0027
1.760  0.0026
1.764  0.0027
1.766  0.0160
1.767  0.0050
1.790  0.0025
1.799  0.0020
1.811  0.0014
1.817  0.0015
1.820  0.0027
1.826  0.0033
1.832  0.0097
1.836  0.0149
1.851  0.0037
1.859  0.0070
1.860  0.0008
1.868  0.0052
1.879  0.0023
1.891  0.0024
1.892  0.0017
1.929  0.1280
1.959  0.0019
1.964  0.0234
1.972  0.0042
1.977  0.0036
2.041  0.0019
2.064  0.0005
2.094  0.0010
2.099  0.0079
2.117  0.0005
2.185  0.0015
2.194  0.0035
2.247  0.0016
