85
0.261  0.0050
0.407  0.0011
0.419  0.0009
0.458  0.0018
0.543  0.0003
0.577  0.0075
0.651  0.0007
0.669  0.0014
0.686  0.2260
0.708  0.0011
0.725  0.0018
0.777  0.0059
0.827  0.0290
0.899  0.0018
0.932  0.0005
0.945  0.0220
0.962  0.0041
0.970  0.0007
0.984  0.0118
1.063  0.0043
1.120  0.0011
1.137  0.0011
1.145  0.0011
1.184  0.0016
1.194  0.0007
1.207  0.0014
1.277  0.0210
1.302  0.0009
1.335  0.0068
1.361  0.0054
1.371  0.0009
1.428  0.0034
1.581  0.0011
1.613  0.0023
1.723  0.0052
1.872  0.0023
1.929  0.0009
1.955  0.0009
2.020  0.0027
2.031  0.0047
2.046  0.0035
2.096  0.0012
2.106  0.0009
2.112  0.0005
2.169  0.0034
2.248  0.0380
2.251  0.0007
2.431  0.0025
2.557  0.0009
2.565  0.0003
2.667  0.0018
2.684  0.0118
2.706  0.0023
2.717  0.0460
2.750  0.0032
2.782  0.0106
2.821  0.0018
2.891  0.0090
2.930  0.0038
2.933  0.0410
2.965  0.0018
3.117  0.0011
3.117  0.0057
3.258  0.0005
3.334  0.0014
3.353  0.0095
3.389  0.0014
3.474  0.0023
3.508  0.0023
3.528  0.0009
3.577  0.0041
3.582  0.0007
3.616  0.0172
3.652  0.0011
3.675  0.0003
3.743  0.0084
3.877  0.0007
3.943  0.0007
4.075  0.0122
4.191  0.0007
4.214  0.0009
4.268  0.0045
4.348  0.0016
4.360  0.0003
4.420  0.0018
