73
0.009  0.0000
0.013  0.0000
0.015  0.0000
0.025  0.0003
0.026  0.0000
0.029  0.0004
0.034  0.0000
0.035  0.0000
0.037  0.0000
0.038  0.0005
0.045  0.0000
0.051  0.0000
0.052  0.0000
0.054  0.0000
0.055  0.0000
0.056  0.0000
0.058  0.0000
0.059  0.0000
0.061  0.0000
0.069  0.0000
0.071  0.0000
0.072  0.0000
0.072  0.0000
0.080  0.0000
0.082  0.0000
0.083  0.0000
0.085  0.0000
0.086  0.0000
0.087  0.0000
0.088  0.0000
0.088  0.0000
0.088  0.0000
0.090  0.0000
0.100  0.0001
0.101  0.0000
0.105  0.0000
0.107  0.0000
0.108  0.0000
0.119  0.0000
0.122  0.0000
0.122  0.0000
0.135  0.0000
0.137  0.0000
0.141  0.0000
0.143  0.0000
0.143  0.0000
0.144  0.0000
0.146  0.0000
0.148  0.0000
0.149  0.0000
0.159  0.0000
0.160  0.0000
0.161  0.0000
0.163  0.0000
0.172  0.0000
0.174  0.0000
0.176  0.0000
0.176  0.0000
0.207  0.0000
0.217  0.0000
0.230  0.0000
0.231  0.0000
0.232  0.0000
0.243  0.0000
0.244  0.0000
0.283  0.0000
0.352  0.0000
0.416  0.0000
0.440  0.0000
0.441  0.0000
0.460  0.0000
0.528  0.0000
0.540  0.0000
