64
0.574  0.0015
0.615  0.0064
0.707  0.0200
0.970  0.0300
0.998  0.2110
1.042  0.0120
1.060  0.0080
1.090  0.0320
1.132  0.6800
1.138  0.0047
1.164  0.0021
1.204  0.0019
1.214  0.0065
1.235  0.0012
1.295  0.0073
1.315  0.0450
1.330  0.0025
1.353  0.0025
1.450  0.0025
1.471  0.0600
1.491  0.0019
1.519  0.0100
1.526  0.0021
1.571  0.0240
1.611  0.0036
1.640  0.0018
1.696  0.0038
1.705  0.0090
1.735  0.0039
1.744  0.0210
1.747  0.0130
1.788  0.0044
1.815  0.0019
2.083  0.0340
2.129  0.0059
2.201  0.0058
2.420  0.0055
2.426  0.0130
2.594  0.0019
2.610  0.0060
2.628  0.0052
2.732  0.0044
3.024  0.0019
3.110  0.0015
3.214  0.2200
3.264  0.0130
3.333  0.0022
3.397  0.0011
3.710  0.0034
3.724  0.0018
3.762  0.0100
3.834  0.0007
3.865  0.0057
3.888  0.0009
3.911  0.0008
3.917  0.0190
4.044  0.0016
4.156  0.0056
4.228  0.0018
4.264  0.0046
4.331  0.0020
4.470  0.0019
4.529  0.0041
4.604  0.0035
