80
0.072  0.1203
0.083  0.0034
0.126  0.0015
0.141  0.0042
0.144  0.0057
0.153  0.0088
0.164  0.3820
0.203  0.0046
0.215  0.0302
0.227  0.0710
0.236  0.0130
0.247  0.0450
0.268  0.0027
0.280  0.0076
0.285  0.3121
0.286  0.0031
0.291  0.0160
0.294  0.0031
0.298  0.0580
0.303  0.0145
0.322  0.0134
0.345  0.0080
0.350  0.0050
0.351  0.0103
0.359  0.0073
0.361  0.0057
0.391  0.0107
0.393  0.0290
0.419  0.0100
0.480  0.0034
0.491  0.0015
0.495  0.0038
0.545  0.0023
0.574  0.0019
0.578  0.0050
0.588  0.0042
0.643  0.0164
0.816  0.0092
0.879  0.0190
0.922  0.0090
0.990  0.0099
1.002  0.0191
1.014  0.0279
1.076  0.0214
1.149  0.0141
1.167  0.0270
1.170  0.0149
1.178  0.0210
1.238  0.0111
1.251  0.0057
1.289  0.0061
1.364  0.1390
1.436  0.0096
1.447  0.0325
1.470  0.2880
1.506  0.0359
1.528  0.0141
1.542  0.0031
1.548  0.0092
1.591  0.0080
1.600  0.0218
1.650  0.0130
1.658  0.0034
1.661  0.0115
1.714  0.0134
1.721  0.0046
1.754  0.0260
1.822  0.0280
1.941  0.0034
2.020  0.0034
2.337  0.0317
2.344  0.0218
2.376  0.0111
2.393  0.0099
2.472  0.0073
2.486  0.0050
2.510  0.0050
2.750  0.0073
2.867  0.0015
2.910  0.0023
