97
0.212  0.0060
0.311  0.0013
0.319  0.0008
0.392  0.0006
0.431  0.0044
0.439  0.0018
0.460  0.0008
0.468  0.0009
0.484  0.0330
0.589  0.5600
0.621  0.0006
0.640  0.0007
0.651  0.0022
0.678  0.0008
0.771  0.0008
0.779  0.0028
0.831  0.0161
0.838  0.0016
0.850  0.0013
0.870  0.0240
0.875  0.0940
0.943  0.0067
0.975  0.0009
0.987  0.0014
0.994  0.0016
1.061  0.0011
1.080  0.0013
1.108  0.0040
1.210  0.0017
1.259  0.0062
1.277  0.0239
1.314  0.0095
1.326  0.0011
1.331  0.0008
1.356  0.0035
1.372  0.0032
1.379  0.0008
1.427  0.0110
1.464  0.0071
1.500  0.0092
1.526  0.0087
1.528  0.0066
1.546  0.0011
1.567  0.0030
1.595  0.0008
1.609  0.0008
1.624  0.0054
1.630  0.0016
1.667  0.0006
1.673  0.0122
1.743  0.0053
1.745  0.0090
1.809  0.0197
1.816  0.0016
1.835  0.0022
1.845  0.0020
1.866  0.0036
1.920  0.0014
1.946  0.0040
1.955  0.0081
2.033  0.0081
2.033  0.0081
2.059  0.0072
2.085  0.0077
2.115  0.0018
2.151  0.0010
2.262  0.0390
2.302  0.0100
2.364  0.0029
2.376  0.0017
2.389  0.0015
2.398  0.0074
2.402  0.0045
2.453  0.0004
2.544  0.0079
2.572  0.0120
2.645  0.0021
2.674  0.0012
2.794  0.0017
2.826  0.0007
2.836  0.0123
2.891  0.0007
2.928  0.0012
2.964  0.0016
3.026  0.0012
3.026  0.0012
3.026  0.0012
3.310  0.0109
3.474  0.0012
3.496  0.0073
3.516  0.0016
3.593  0.0025
3.898  0.0004
4.182  0.0063
4.319  0.0041
4.753  0.0008
5.342  0.0012
