41
0.130  0.3260
0.174  0.0007
0.234  0.0011
0.251  0.0310
0.329  0.0186
0.349  0.0088
0.373  0.0098
0.431  0.0124
0.433  0.0062
0.469  0.0108
0.545  0.0235
0.553  0.0130
0.634  0.0026
0.680  0.0016
0.721  0.0470
0.723  0.0710
0.805  0.0336
0.819  0.0014
0.851  0.0046
0.853  0.0620
0.932  0.0274
0.947  0.0134
1.007  0.0176
1.062  0.0274
1.070  0.0065
1.075  0.0235
1.141  0.0540
1.156  0.0059
1.159  0.0140
1.216  0.0209
1.218  0.0104
1.415  0.0062
1.584  0.0033
1.608  0.0023
1.781  0.0020
1.837  0.0023
1.879  0.0023
1.939  0.0055
2.366  0.0016
2.409  0.0010
2.707  0.0010
