86
0.051  0.0001
0.113  0.0011
0.114  0.0001
0.143  0.0001
0.231  0.0003
0.290  0.0020
0.306  0.0002
0.318  0.0002
0.337  0.0012
0.374  0.0002
0.382  0.0030
0.402  0.0002
0.429  0.0022
0.450  0.0011
0.479  0.0010
0.496  0.0006
0.521  0.0006
0.587  0.0014
0.601  0.0582
0.630  0.2613
0.633  0.0016
0.642  0.0011
0.736  0.0037
0.738  0.0005
0.773  0.0003
0.787  0.0334
0.810  0.0209
0.834  0.9545
0.861  0.0094
0.879  0.0006
0.894  0.1014
0.925  0.0013
0.938  0.0007
0.940  0.0028
0.971  0.0110
0.976  0.0005
1.000  0.0080
1.037  0.0002
1.051  0.0699
1.156  0.0001
1.163  0.0009
1.192  0.0000
1.215  0.0081
1.231  0.0143
1.260  0.0117
1.277  0.0159
1.390  0.0008
1.464  0.0361
1.500  0.0002
1.568  0.0016
1.572  0.0083
1.597  0.0439
1.613  0.0004
1.630  0.0003
1.681  0.0091
1.710  0.0039
1.711  0.0005
1.837  0.0025
1.862  0.0541
1.878  0.0023
1.920  0.0016
1.991  0.0010
2.029  0.0011
2.109  0.0109
2.202  0.2687
2.214  0.0022
2.403  0.0004
2.404  0.0001
2.491  0.0773
2.508  0.1333
2.516  0.0026
2.582  0.0001
2.605  0.0002
2.621  0.0014
2.634  0.0002
2.786  0.0003
2.844  0.0045
2.940  0.0001
2.942  0.0003
2.950  0.0000
2.981  0.0006
3.035  0.0000
3.094  0.0002
3.325  0.0001
3.339  0.0000
3.679  0.0000
