43
0.032  0.0087
0.043  0.0027
0.045  0.0003
0.066  0.0301
0.068  0.4290
0.085  0.0265
0.100  0.1420
0.110  0.0011
0.114  0.0187
0.116  0.0044
0.121  0.0000
0.152  0.0702
0.156  0.0267
0.179  0.0312
0.198  0.0147
0.222  0.0757
0.229  0.0364
0.264  0.0361
0.351  0.0001
0.830  0.0001
0.892  0.0006
0.928  0.0061
0.960  0.0035
1.002  0.0209
1.036  0.0001
1.044  0.0024
1.113  0.0044
1.121  0.3524
1.157  0.0073
1.158  0.0029
1.181  0.0009
1.189  0.1649
1.221  0.2723
1.224  0.0024
1.231  0.1162
1.257  0.0151
1.274  0.0066
1.289  0.0137
1.343  0.0026
1.374  0.0022
1.387  0.0007
1.410  0.0004
1.453  0.0003
