48
0.345  0.4600
0.432  0.0230
0.597  0.0133
0.610  0.0280
0.841  0.0290
0.941  0.0250
0.956  0.0420
0.988  0.0170
1.082  0.0250
1.191  0.0087
1.208  0.0440
1.247  0.0160
1.373  0.0150
1.427  0.0700
1.450  0.0180
1.553  0.0083
1.599  0.0097
1.701  0.0210
1.725  0.0270
1.795  0.0087
1.944  0.0110
2.029  0.0100
2.091  0.0069
2.234  0.0290
2.246  0.0028
2.304  0.0055
2.417  0.0220
2.447  0.0050
2.455  0.0220
2.543  0.0074
2.550  0.0160
2.565  0.0097
2.584  0.0180
2.602  0.0150
2.724  0.0069
2.872  0.0064
3.008  0.0300
3.397  0.0740
3.479  0.0069
3.539  0.0129
3.555  0.0051
3.625  0.0106
3.656  0.0380
3.684  0.0230
3.741  0.0069
3.775  0.0290
3.827  0.0110
3.955  0.0078
