203
0.057  0.0026
0.071  0.0154
0.182  0.0540
0.191  0.0008
0.239  0.0016
0.253  0.1950
0.253  0.4100
0.255  0.0070
0.267  0.2060
0.293  0.0009
0.317  0.0024
0.324  0.2410
0.399  0.0012
0.402  0.0005
0.480  0.0009
0.492  0.0008
0.497  0.0181
0.520  0.0010
0.530  0.0049
0.554  0.0008
0.555  0.0010
0.567  0.0017
0.570  0.0119
0.579  0.0008
0.617  0.0010
0.624  0.0005
0.643  0.0009
0.645  0.0027
0.687  0.0014
0.723  0.0027
0.734  0.0088
0.737  0.0005
0.771  0.0014
0.778  0.0020
0.820  0.0371
0.844  0.0056
0.853  0.0009
0.892  0.0003
0.895  0.0017
0.898  0.0004
0.921  0.0023
0.965  0.0022
0.976  0.0071
1.000  0.0005
1.006  0.0016
1.026  0.0217
1.047  0.0012
1.052  0.0008
1.055  0.0011
1.059  0.0031
1.061  0.0038
1.081  0.0004
1.083  0.0081
1.097  0.0013
1.126  0.0007
1.136  0.0008
1.139  0.0019
1.157  0.0032
1.191  0.0023
1.215  0.0176
1.236  0.0013
1.239  0.0111
1.291  0.0024
1.296  0.0188
1.310  0.0010
1.313  0.0029
1.318  0.0092
1.350  0.0075
1.360  0.0023
1.365  0.0068
1.375  0.0042
1.383  0.0019
1.388  0.0135
1.422  0.0096
1.435  0.0101
1.446  0.0020
1.459  0.0040
1.471  0.0038
1.506  0.0224
1.508  0.0022
1.526  0.0021
1.529  0.0014
1.556  0.0025
1.563  0.0094
1.577  0.0009
1.587  0.0085
1.596  0.0137
1.613  0.0034
1.617  0.0007
1.627  0.0198
1.638  0.0050
1.641  0.0145
1.652  0.0069
1.663  0.0041
1.666  0.0008
1.682  0.0010
1.685  0.0055
1.687  0.0014
1.698  0.0140
1.704  0.0025
1.711  0.0050
1.713  0.0031
1.742  0.0128
1.745  0.0041
1.756  0.0032
1.780  0.0057
1.786  0.0012
1.789  0.0031
1.795  0.0087
1.798  0.0018
1.804  0.0022
1.822  0.0017
1.824  0.0034
1.840  0.0027
1.850  0.0010
1.863  0.0027
1.887  0.0070
1.930  0.0032
1.944  0.0047
1.957  0.0035
1.962  0.0178
1.989  0.0028
1.994  0.0026
2.012  0.0023
2.019  0.0140
2.035  0.0181
2.083  0.0030
2.088  0.0027
2.160  0.0007
2.179  0.0010
2.182  0.0116
2.235  0.0007
2.239  0.0018
2.308  0.0008
2.342  0.0018
2.350  0.0740
2.366  0.0013
2.369  0.0014
2.411  0.0031
2.424  0.0017
2.491  0.0046
2.496  0.0229
2.517  0.0008
2.521  0.0047
2.532  0.0013
2.548  0.0062
2.557  0.0059
2.561  0.0100
2.589  0.0051
2.603  0.0420
2.607  0.0071
2.663  0.0051
2.678  0.0026
2.700  0.0022
2.720  0.0020
2.739  0.0051
2.797  0.0036
2.810  0.0044
2.827  0.0020
2.839  0.0018
2.853  0.0019
2.856  0.0217
2.913  0.0021
2.945  0.0018
2.948  0.0060
2.957  0.0060
2.998  0.0063
3.001  0.0034
3.015  0.0031
3.026  0.0017
3.105  0.0029
3.151  0.0021
3.197  0.0014
3.215  0.0021
3.220  0.0017
3.227  0.0099
3.230  0.0015
3.250  0.0016
3.261  0.0009
3.281  0.0008
3.285  0.0018
3.295  0.0021
3.298  0.0064
3.304  0.0011
3.307  0.0010
3.356  0.0022
3.359  0.0012
3.380  0.0017
3.408  0.0046
3.413  0.0014
3.445  0.0007
3.453  0.0020
3.461  0.0070
3.464  0.0031
3.467  0.0027
3.482  0.0012
3.635  0.0019
3.646  0.0023
3.649  0.0031
3.655  0.0014
3.776  0.0015
3.796  0.0004
3.887  0.0013
