129
0.050  0.0400
0.078  0.0970
0.087  0.0540
0.087  0.0012
0.100  0.0043
0.128  0.0740
0.141  0.0025
0.149  0.0004
0.161  0.0050
0.165  0.0011
0.168  0.0010
0.186  0.0101
0.203  0.0014
0.215  0.0128
0.239  0.0004
0.249  0.0132
0.265  0.0035
0.305  0.0019
0.311  0.0005
0.315  0.1820
0.317  0.0009
0.329  0.0400
0.336  0.0470
0.367  0.0012
0.389  0.0141
0.390  0.0004
0.414  0.0100
0.417  0.0007
0.455  0.0010
0.464  0.0021
0.467  0.0170
0.468  0.0014
0.477  0.0012
0.478  0.0460
0.479  0.0028
0.491  0.0046
0.494  0.0008
0.495  0.0005
0.504  0.0036
0.517  0.0130
0.518  0.0007
0.555  0.0590
0.578  0.1410
0.581  0.0028
0.596  0.0004
0.605  0.0060
0.615  0.0036
0.628  0.0032
0.632  0.0066
0.641  0.1610
0.642  0.0009
0.656  0.0018
0.664  0.0023
0.707  0.0051
0.719  0.0033
0.719  0.0042
0.727  0.0004
0.747  0.0010
0.747  0.0027
0.769  0.0035
0.794  0.0138
0.797  0.0015
0.800  0.0017
0.815  0.0009
0.840  0.0008
0.847  0.0031
0.854  0.0011
0.882  0.0032
0.887  0.0049
0.904  0.0089
0.934  0.0009
0.942  0.0102
0.949  0.0016
0.958  0.0010
0.981  0.0008
0.996  0.0152
1.037  0.0015
1.046  0.0013
1.080  0.0008
1.084  0.0079
1.097  0.0028
1.101  0.0026
1.102  0.0010
1.112  0.0013
1.130  0.0022
1.130  0.0004
1.137  0.0142
1.155  0.0017
1.157  0.0011
1.183  0.0105
1.215  0.0033
1.217  0.0015
1.230  0.0016
1.261  0.0420
1.261  0.0420
1.264  0.0122
1.298  0.0010
1.300  0.0230
1.303  0.0022
1.311  0.0053
1.359  0.0020
1.398  0.0010
1.416  0.0021
1.464  0.0016
1.518  0.0012
1.519  0.0026
1.544  0.0026
1.547  0.0017
1.548  0.0032
1.560  0.0007
1.594  0.0020
1.606  0.0005
1.617  0.0007
1.624  0.0025
1.674  0.0014
1.683  0.0013
1.734  0.0016
1.755  0.0013
1.756  0.0004
1.794  0.0020
1.808  0.0009
1.846  0.0004
1.943  0.0009
1.996  0.0013
2.165  0.0010
2.207  0.0002
2.209  0.0002
2.309  0.0007
2.336  0.0020
