57
0.210  0.0301
0.236  0.0048
0.275  0.0196
0.299  0.0100
0.324  0.4770
0.328  0.0180
0.349  0.1240
0.382  0.0052
0.403  0.0348
0.441  0.0167
0.559  0.0138
0.595  0.0224
0.651  0.0410
0.674  0.0320
0.677  0.0340
0.765  0.0580
0.782  0.0129
0.899  0.0095
0.910  0.0196
0.939  0.0095
0.979  0.0180
0.988  0.0180
1.040  0.0072
1.040  0.1620
1.058  0.0086
1.096  0.0590
1.122  0.0119
1.129  0.0100
1.150  0.0219
1.259  0.0057
1.277  0.0180
1.278  0.0120
1.297  0.0380
1.303  0.0129
1.313  0.0105
1.315  0.0650
1.324  0.0129
1.326  0.0062
1.328  0.0153
1.444  0.0038
1.451  0.0114
1.483  0.0790
1.498  0.0024
1.505  0.0038
1.584  0.0440
1.627  0.0167
1.647  0.0420
1.662  0.0153
1.699  0.0550
1.744  0.0057
1.823  0.0153
1.835  0.0281
1.854  0.0272
1.885  0.0205
1.901  0.0052
1.974  0.0091
2.023  0.0024
