62
0.020  0.0000
0.054  0.0000
0.068  0.0000
0.070  0.0467
0.075  0.0019
0.083  0.0019
0.089  0.0016
0.097  0.0001
0.097  0.0076
0.103  0.2914
0.118  0.0000
0.125  0.0001
0.152  0.0001
0.167  0.0000
0.172  0.0000
0.173  0.0007
0.412  0.0000
0.412  0.0000
0.424  0.0000
0.437  0.0000
0.443  0.0000
0.462  0.0000
0.464  0.0001
0.485  0.0000
0.488  0.0000
0.509  0.0000
0.521  0.0001
0.531  0.0005
0.533  0.0003
0.539  0.0002
0.543  0.0000
0.546  0.0000
0.555  0.0000
0.574  0.0000
0.579  0.0000
0.585  0.0000
0.588  0.0000
0.591  0.0000
0.597  0.0001
0.598  0.0000
0.598  0.0000
0.604  0.0000
0.604  0.0000
0.610  0.0001
0.610  0.0001
0.616  0.0000
0.616  0.0000
0.618  0.0000
0.631  0.0000
0.635  0.0000
0.637  0.0000
0.658  0.0000
0.658  0.0000
0.662  0.0000
0.677  0.0000
0.682  0.0000
0.694  0.0000
0.702  0.0000
0.707  0.0000
0.719  0.0000
0.761  0.0000
0.764  0.0000
