49
0.017  0.0247
0.051  0.5427
0.051  0.0358
0.068  0.1900
0.071  0.0110
0.079  0.0910
0.080  0.0120
0.090  0.0062
0.096  0.0700
0.105  0.0072
0.109  0.0028
0.122  0.0039
0.146  0.0325
0.160  0.0137
0.177  0.0130
0.228  0.0160
0.498  0.0033
0.551  0.0039
0.589  0.0039
0.602  0.0088
0.613  0.0127
0.646  0.0036
0.659  0.0133
0.665  0.0306
0.677  0.0189
0.682  0.0231
0.694  0.0049
0.720  0.0016
0.727  0.0065
0.733  0.0024
0.744  0.0091
0.754  0.0091
0.763  0.0033
0.805  0.0257
0.830  0.0055
0.871  0.0021
0.881  0.0033
0.936  0.0029
1.015  0.0049
1.044  0.0052
1.060  0.0029
1.078  0.0026
1.095  0.0120
1.128  0.0052
1.302  0.0033
1.351  0.0012
1.452  0.0020
1.469  0.0029
1.520  0.0065
