98
0.056  0.0377
0.063  0.0006
0.072  0.0006
0.077  0.0106
0.079  0.0006
0.086  0.0015
0.097  0.0012
0.097  0.0012
0.102  0.1390
0.106  0.0073
0.122  0.0001
0.134  0.0016
0.165  0.0258
0.168  0.0008
0.181  0.0074
0.191  0.0063
0.259  0.0098
0.271  0.0087
0.284  0.0595
0.315  0.2270
0.338  0.0168
0.361  0.6010
0.394  0.0022
0.417  0.0031
0.424  0.0018
0.452  0.0006
0.480  0.0268
0.529  0.0126
0.772  0.0000
0.819  0.0000
0.835  0.0000
0.835  0.0000
0.835  0.0000
0.858  0.0000
0.925  0.0000
0.938  0.0001
0.948  0.0000
0.951  0.0000
0.955  0.0001
0.972  0.0000
1.015  0.0000
1.026  0.0000
1.035  0.0003
1.049  0.0000
1.054  0.0000
1.063  0.0000
1.066  0.0000
1.072  0.0000
1.094  0.0001
1.106  0.0000
1.112  0.0000
1.121  0.0000
1.135  0.0000
1.143  0.0000
1.145  0.0000
1.150  0.0001
1.153  0.0000
1.176  0.0000
1.192  0.0000
1.210  0.0000
1.225  0.0000
1.229  0.0000
1.252  0.0000
1.261  0.0000
1.272  0.0000
1.286  0.0000
1.298  0.0000
1.308  0.0000
1.341  0.0000
1.344  0.0000
1.350  0.0001
1.364  0.0000
1.373  0.0000
1.377  0.0000
1.400  0.0000
1.421  0.0000
1.424  0.0000
1.431  0.0000
1.440  0.0000
1.460  0.0000
1.478  0.0000
1.478  0.0000
1.481  0.0000
1.489  0.0000
1.496  0.0000
1.496  0.0000
1.502  0.0000
1.534  0.0000
1.539  0.0000
1.545  0.0000
1.548  0.0000
1.558  0.0000
1.567  0.0000
1.623  0.0000
1.623  0.0000
1.677  0.0000
1.692  0.0000
1.769  0.0000
