50
0.325  0.0009
0.426  0.0018
0.522  0.0018
0.574  0.0036
0.575  0.0062
0.578  0.0660
0.667  0.3400
0.741  0.0210
0.985  0.0131
1.007  0.0231
1.080  0.0107
1.111  0.0214
1.176  0.0053
1.245  0.0560
1.249  0.0180
1.287  0.0157
1.317  0.0196
1.427  0.0065
1.455  0.8900
1.530  0.0187
1.570  0.0168
1.615  0.0047
1.671  0.0062
1.750  0.0166
1.843  0.0540
1.864  0.0027
1.925  0.0062
1.961  0.0044
1.985  0.0046
2.087  0.0680
2.159  0.0068
2.299  0.0062
2.324  0.0052
2.461  0.0550
2.522  0.0085
2.662  0.0081
2.723  0.0187
2.841  0.0036
2.962  0.0044
3.039  0.0210
3.169  0.0058
3.475  0.0069
3.748  0.0054
4.128  0.0068
4.183  0.0041
4.281  0.0060
4.435  0.0042
4.946  0.0135
5.087  0.0069
5.150  0.0089
