88
0.142  0.6400
0.159  0.0010
0.168  0.0013
0.191  0.0083
0.215  0.0036
0.282  0.0027
0.317  0.0580
0.333  0.0004
0.342  0.0211
0.350  0.0027
0.372  0.0012
0.395  0.0012
0.436  0.0021
0.440  0.0060
0.481  0.0018
0.485  0.0320
0.493  0.0056
0.493  0.0056
0.535  0.0041
0.548  0.1400
0.586  0.0022
0.624  0.0134
0.633  0.0019
0.678  0.0037
0.728  0.0012
0.737  0.0051
0.786  0.0045
0.813  0.1450
0.868  0.0008
0.876  0.0420
0.921  0.0028
0.928  0.0013
1.044  0.0470
1.116  0.0010
1.179  0.0010
1.219  0.6000
1.250  0.0010
1.259  0.0008
1.292  0.0009
1.311  0.0011
1.345  0.0004
1.361  0.0350
1.394  0.0005
1.415  0.0017
1.474  0.0010
1.540  0.0004
1.554  0.0038
1.594  0.0005
1.621  0.0004
1.659  0.0004
1.663  0.0009
1.675  0.0006
1.763  0.0007
1.897  0.0083
1.973  0.0014
1.981  0.0008
1.987  0.0024
2.005  0.0005
2.039  0.0040
2.039  0.0040
2.079  0.0009
2.095  0.0013
2.095  0.0013
2.129  0.0008
2.271  0.0005
2.277  0.0011
2.402  0.0004
2.414  0.0004
2.417  0.0009
2.435  0.0010
2.445  0.0017
2.469  0.0017
2.585  0.0012
2.587  0.0024
2.611  0.0029
2.719  0.0027
2.759  0.0021
2.793  0.0010
2.833  0.0030
2.855  0.0007
3.057  0.0013
3.149  0.0012
3.200  0.0044
3.272  0.0006
3.324  0.0004
3.343  0.0004
3.343  0.0004
3.660  0.0008
