50
0.094  0.0000
0.120  0.0000
0.122  0.0305
0.139  0.0122
0.147  0.0016
0.150  0.1800
0.163  0.0006
0.172  0.0000
0.214  0.0000
0.231  0.0000
0.269  0.0016
0.283  0.0000
0.301  0.0001
0.319  0.0000
0.336  0.0000
0.383  0.0000
0.402  0.0000
0.403  0.0000
0.430  0.0000
0.458  0.0004
0.550  0.0000
0.552  0.0000
0.672  0.0000
0.692  0.0000
0.714  0.0001
0.761  0.0005
0.779  0.0010
0.783  0.0000
0.790  0.0001
0.877  0.0002
0.881  0.0000
0.899  0.0060
0.942  0.0093
0.962  0.0002
0.967  0.0003
0.973  0.0000
1.015  0.0001
1.028  0.0057
1.049  0.0001
1.068  0.0001
1.080  0.0508
1.109  0.0018
1.115  0.0000
1.120  0.0051
1.150  0.0059
1.215  0.0002
1.231  0.0031
1.237  0.0003
1.242  0.0307
1.337  0.0001
