52
0.026  0.0053
0.062  0.0021
0.065  0.0001
0.079  0.0032
0.084  0.0000
0.090  0.0001
0.104  0.7450
0.138  0.0010
0.141  0.0198
0.167  0.0004
0.169  0.0004
0.178  0.0000
0.183  0.0000
0.196  0.0001
0.203  0.0005
0.220  0.0000
0.225  0.0000
0.229  0.0005
0.230  0.0000
0.246  0.0382
0.287  0.0000
0.307  0.0001
0.426  0.0001
0.461  0.0007
0.510  0.0001
0.523  0.0017
0.572  0.0002
0.604  0.0001
0.631  0.0002
0.649  0.0001
0.664  0.0007
0.665  0.0001
0.677  0.0001
0.713  0.0001
0.768  0.0001
0.818  0.0000
0.830  0.0000
0.880  0.0000
0.911  0.0000
0.923  0.0000
0.933  0.0001
0.998  0.0001
1.003  0.0002
1.018  0.0000
1.055  0.0000
1.096  0.0000
1.132  0.0000
1.160  0.0001
1.198  0.0001
1.223  0.0002
1.262  0.0000
1.301  0.0009
