49
0.270  0.5580
0.299  0.0017
0.354  0.0039
0.377  0.0011
0.402  0.0011
0.445  0.0067
0.522  0.0750
0.677  0.0039
0.683  0.0039
0.721  0.0390
0.792  0.0520
0.822  0.0100
0.896  0.0061
1.122  0.0167
1.240  0.0008
1.249  0.0056
1.392  0.0039
1.478  0.0045
1.504  0.0117
1.590  0.0028
1.615  0.0167
1.667  0.0028
1.711  0.0056
1.841  0.0095
1.969  0.0890
2.069  0.0022
2.154  0.0033
2.239  0.1360
2.267  0.0140
2.363  0.0022
2.431  0.0250
2.572  0.0112
2.701  0.0560
2.759  0.0095
2.777  0.0240
2.789  0.0790
2.916  0.0320
2.946  0.0340
2.989  0.0061
3.047  0.0280
3.059  0.0061
3.094  0.0061
3.186  0.0500
3.260  0.0270
3.281  0.0050
3.364  0.0100
3.551  0.0123
3.660  0.0039
3.930  0.0033
