95
0.146  0.0004
0.191  0.0001
0.446  0.0007
0.454  0.4600
0.462  0.0004
0.481  0.0004
0.508  0.0044
0.562  0.0036
0.588  0.0007
0.589  0.0033
0.598  0.0008
0.602  0.0750
0.716  0.0006
0.727  0.0055
0.736  0.0720
0.766  0.0004
0.772  0.0003
0.774  0.0025
0.789  0.0610
0.817  0.0002
0.840  0.0003
0.849  0.0008
0.923  0.0225
0.928  0.0016
0.954  0.0002
1.013  0.0013
1.017  0.0119
1.081  0.0076
1.149  0.0022
1.183  0.0009
1.192  0.0004
1.235  0.0035
1.243  0.0062
1.248  0.0005
1.303  0.0007
1.324  0.0054
1.329  0.0056
1.334  0.0067
1.377  0.0420
1.436  0.0015
1.452  0.0220
1.464  0.0005
1.471  0.0115
1.500  0.0008
1.505  0.0004
1.509  0.0008
1.516  0.0025
1.525  0.1500
1.556  0.0008
1.594  0.0013
1.614  0.0005
1.650  0.0006
1.690  0.0060
1.744  0.0010
1.766  0.0007
1.781  0.0007
1.788  0.0008
1.813  0.0010
1.831  0.0023
1.883  0.0006
1.902  0.0013
1.906  0.0004
1.915  0.0008
1.921  0.0005
1.958  0.0018
1.978  0.0021
1.984  0.0024
1.992  0.0006
2.006  0.0024
2.098  0.0009
2.121  0.0009
2.144  0.0017
2.149  0.0002
2.157  0.0005
2.179  0.0020
2.208  0.0006
2.218  0.0008
2.227  0.0044
2.252  0.0099
2.267  0.0006
2.357  0.0080
2.460  0.0048
2.517  0.0032
2.681  0.0042
2.775  0.0021
2.882  0.0007
2.893  0.0001
2.915  0.0004
2.938  0.0008
3.080  0.0008
3.141  0.0008
3.166  0.0003
3.256  0.0002
3.292  0.0014
3.709  0.0006
