41
0.140  0.0011
0.175  0.0004
0.267  0.0780
0.313  0.0011
0.407  0.0004
0.456  0.0011
0.604  0.2790
0.647  0.0007
0.870  0.0580
0.912  0.0008
1.010  0.0008
1.107  0.0022
1.133  0.0131
1.184  0.0067
1.199  0.0030
1.253  0.0010
1.337  0.0015
1.423  0.0008
1.442  0.0018
1.466  0.0017
1.516  0.0008
1.554  0.0005
1.710  0.0025
1.856  0.0007
1.913  0.0012
2.027  0.0060
2.157  0.0032
2.176  0.0018
2.311  0.0003
2.487  0.0015
2.615  0.0006
2.753  0.0004
3.182  0.0006
3.280  0.0013
3.331  0.0011
3.442  0.0028
3.710  0.0009
3.903  0.0020
4.169  0.0023
4.463  0.0044
4.772  0.0006
