136
0.002  0.0000
0.016  0.0000
0.018  0.0000
0.025  0.0002
0.029  0.0000
0.029  0.0005
0.032  0.0000
0.042  0.0001
0.043  0.0001
0.045  0.0000
0.049  0.0000
0.053  0.0000
0.054  0.0000
0.055  0.0005
0.055  0.0000
0.059  0.0000
0.068  0.0000
0.072  0.0001
0.075  0.0019
0.076  0.0002
0.083  0.0000
0.089  0.0000
0.090  0.0000
0.091  0.0000
0.091  0.0000
0.096  0.0000
0.097  0.0006
0.100  0.0001
0.112  0.0001
0.117  0.0042
0.119  0.0017
0.125  0.0000
0.127  0.0002
0.128  0.0002
0.135  0.0100
0.136  0.0003
0.145  0.0006
0.146  0.0092
0.148  0.0002
0.155  0.0001
0.156  0.0001
0.156  0.0004
0.158  0.0002
0.161  0.0001
0.162  0.0002
0.163  0.0001
0.165  0.0270
0.165  0.0001
0.169  0.0001
0.171  0.0001
0.172  0.0001
0.174  0.0001
0.188  0.0006
0.190  0.0000
0.203  0.0003
0.206  0.0000
0.208  0.0002
0.217  0.0010
0.218  0.0001
0.220  0.0001
0.224  0.0002
0.237  0.0002
0.239  0.0024
0.241  0.0003
0.241  0.0001
0.245  0.0029
0.248  0.0011
0.249  0.0026
0.252  0.0080
0.259  0.0025
0.259  0.0004
0.262  0.0002
0.262  0.0103
0.269  0.0003
0.275  0.0003
0.277  0.0001
0.278  0.0007
0.279  0.0001
0.281  0.0003
0.285  0.0014
0.287  0.0005
0.288  0.0011
0.288  0.0011
0.291  0.0030
0.294  0.0001
0.304  0.0001
0.307  0.0006
0.310  0.0001
0.314  0.0002
0.317  0.0063
0.321  0.0016
0.323  0.0009
0.331  0.0001
0.333  0.0000
0.337  0.0006
0.343  0.0000
0.352  0.0005
0.366  0.0009
0.368  0.0002
0.370  0.0002
0.388  0.0004
0.405  0.0021
0.406  0.0011
0.407  0.0009
0.421  0.0001
0.423  0.0016
0.425  0.0001
0.436  0.0015
0.441  0.0004
0.444  0.0003
0.449  0.0010
0.449  0.0038
0.457  0.0008
0.459  0.0000
0.474  0.0001
0.479  0.0047
0.489  0.0000
0.492  0.0001
0.497  0.0002
0.515  0.0003
0.526  0.0006
0.527  0.0018
0.533  0.0011
0.540  0.0008
0.541  0.0002
0.543  0.0001
0.563  0.0021
0.569  0.0232
0.576  0.0007
0.576  0.0009
0.605  0.0065
0.615  0.0000
0.654  0.0000
0.662  0.0001
0.689  0.0000
0.779  0.0000
