154
0.066  0.0014
0.070  0.0038
0.097  0.0046
0.104  0.0019
0.110  0.0038
0.120  0.0220
0.124  0.0008
0.142  0.0042
0.144  0.0049
0.156  0.0023
0.157  0.0027
0.169  0.0200
0.170  0.0008
0.178  0.0011
0.181  0.0015
0.184  0.0046
0.185  0.0110
0.190  0.0057
0.195  0.0008
0.203  0.0076
0.204  0.0023
0.205  0.0023
0.208  0.0015
0.211  0.0011
0.213  0.0011
0.215  0.0008
0.220  0.0030
0.228  0.0019
0.232  0.0084
0.234  0.0053
0.235  0.0027
0.249  0.0008
0.255  0.0011
0.263  0.0230
0.266  0.0210
0.272  0.0011
0.279  0.0057
0.282  0.0053
0.284  0.0270
0.293  0.0130
0.302  0.0011
0.306  0.0008
0.332  0.0046
0.348  0.0049
0.353  0.0011
0.357  0.0019
0.361  0.0019
0.363  0.0042
0.365  0.0019
0.379  0.0019
0.391  0.0130
0.397  0.0034
0.405  0.0046
0.407  0.0150
0.426  0.0023
0.438  0.0610
0.445  0.0046
0.446  0.0023
0.452  0.0038
0.469  0.0046
0.487  0.0046
0.491  0.0530
0.493  0.0310
0.501  0.0150
0.509  0.0140
0.510  0.0076
0.514  0.0027
0.518  0.0019
0.528  0.0011
0.531  0.0011
0.540  0.0023
0.545  0.0230
0.563  0.0015
0.566  0.0011
0.570  0.0057
0.583  0.0320
0.592  0.0200
0.610  0.0030
0.616  0.0023
0.622  0.0046
0.632  0.0053
0.635  0.0027
0.649  0.0080
0.669  0.0019
0.703  0.0015
0.709  0.0019
0.759  0.0015
0.774  0.0042
0.806  0.0820
0.823  0.1100
0.825  0.0610
0.848  0.0019
0.860  0.0800
0.865  0.0034
0.889  0.0034
0.899  0.0019
0.912  0.0011
0.916  0.0118
0.930  0.0034
0.976  0.0076
0.979  0.0720
0.980  0.0076
0.998  0.0190
1.003  0.0170
1.036  0.0200
1.045  0.0027
1.056  0.0023
1.065  0.0038
1.093  0.0380
1.096  0.1900
1.114  0.3800
1.135  0.0011
1.142  0.0019
1.159  0.0090
1.160  0.0240
1.179  0.0049
1.220  0.0053
1.237  0.0011
1.292  0.0076
1.310  0.0008
1.360  0.0015
1.368  0.0053
1.434  0.0030
1.458  0.0027
1.471  0.0076
1.472  0.0130
1.543  0.0008
1.584  0.0180
1.600  0.0015
1.611  0.0015
1.648  0.0103
1.667  0.0049
1.710  0.0027
1.720  0.0019
1.751  0.0019
1.753  0.0027
1.813  0.0011
1.937  0.0008
2.003  0.0530
2.093  0.0008
2.102  0.0049
2.150  0.0003
2.160  0.0030
2.304  0.0011
2.317  0.0110
2.389  0.0011
2.448  0.0034
2.470  0.0011
2.514  0.0011
2.585  0.0160
2.696  0.0160
2.806  0.0038
2.846  0.0095
2.881  0.0027
