43
0.257  0.0280
0.347  0.0300
0.354  0.0360
0.364  0.0025
0.371  0.5200
0.439  0.0232
0.454  0.0025
0.512  0.0041
0.603  0.0122
0.615  0.0139
0.810  0.0630
0.814  0.0190
0.827  0.0033
0.881  0.0440
0.883  0.0025
0.917  0.0440
0.999  0.0140
1.052  0.2510
1.084  0.0500
1.228  0.0248
1.256  0.0262
1.288  0.0038
1.325  0.0140
1.331  0.0660
1.341  0.0310
1.377  0.0139
1.403  0.0044
1.438  0.0840
1.460  0.0410
1.489  0.0260
1.512  0.0428
1.566  0.0033
1.599  0.0117
1.695  0.0710
1.702  0.0220
1.731  0.0199
1.810  0.0172
1.831  0.0610
1.843  0.0780
2.021  0.0071
2.202  0.0320
2.214  0.0161
2.393  0.0071
