69
0.098  0.4300
0.138  0.8100
0.197  0.0010
0.208  0.0004
0.251  0.0013
0.253  0.0033
0.264  0.0039
0.277  0.0004
0.294  0.0004
0.317  0.0002
0.351  0.0026
0.380  0.0010
0.408  0.0004
0.433  0.0007
0.449  0.0028
0.451  0.0076
0.459  0.0002
0.462  0.0024
0.499  0.0002
0.515  0.0014
0.515  0.0004
0.518  0.0009
0.519  0.0002
0.528  0.0007
0.548  0.0022
0.587  0.0003
0.600  0.0120
0.632  0.0004
0.656  0.0011
0.657  0.0003
0.658  0.0002
0.671  0.0003
0.671  0.0004
0.673  0.0002
0.697  0.0010
0.715  0.0009
0.717  0.0004
0.728  0.0010
0.733  0.0003
0.766  0.0004
0.768  0.0130
0.773  0.0005
0.774  0.0006
0.780  0.0002
0.781  0.0011
0.808  0.0033
0.813  0.0007
0.844  0.0003
0.907  0.0111
0.992  0.0019
1.012  0.0011
1.032  0.0006
1.045  0.0032
1.078  0.0028
1.107  0.0120
1.166  0.0109
1.174  0.0003
1.194  0.0004
1.229  0.0006
1.270  0.0006
1.304  0.0002
1.304  0.0023
1.366  0.0005
1.404  0.0028
1.578  0.0012
1.622  0.0200
1.752  0.0006
1.824  0.0016
1.939  0.0007
