98
0.336  0.0530
0.431  0.0920
0.546  0.2600
0.563  0.6600
0.661  0.0074
0.844  0.0114
0.847  0.0350
0.886  0.0132
0.911  0.0100
0.927  0.0092
0.977  0.0462
1.014  0.0036
1.052  0.0047
1.108  0.1580
1.176  0.0047
1.182  0.0051
1.208  0.0153
1.260  0.0030
1.273  0.0120
1.283  0.0014
1.283  0.0014
1.311  0.0028
1.348  0.0075
1.359  0.0018
1.444  0.0026
1.461  0.0033
1.482  0.0050
1.490  0.0023
1.502  0.0049
1.546  0.0043
1.584  0.0020
1.613  0.0045
1.634  0.0114
1.639  0.0550
1.643  0.0093
1.660  0.0077
1.722  0.0015
1.733  0.0073
1.811  0.0084
1.878  0.0036
1.893  0.0040
1.902  0.0042
1.913  0.0059
1.925  0.0020
1.940  0.0069
1.980  0.0022
2.041  0.0033
2.074  0.0424
2.092  0.0018
2.129  0.0220
2.185  0.0050
2.204  0.0137
2.214  0.0224
2.279  0.0044
2.347  0.0044
2.357  0.0247
2.370  0.0028
2.436  0.0037
2.477  0.0022
2.481  0.0020
2.524  0.0080
2.579  0.0224
2.591  0.0027
2.619  0.0225
2.669  0.0016
2.681  0.0032
2.692  0.0015
2.700  0.0020
2.760  0.0110
2.779  0.0080
2.783  0.0101
2.844  0.0160
2.868  0.0035
2.883  0.0014
2.915  0.0074
2.920  0.0910
2.971  0.0040
2.981  0.0020
3.070  0.0092
3.131  0.0021
3.141  0.0420
3.145  0.0030
3.191  0.0021
3.325  0.0011
3.329  0.0020
3.335  0.0019
3.367  0.0014
3.389  0.0283
3.402  0.0013
3.466  0.0014
3.559  0.0059
3.676  0.0045
3.737  0.0016
3.752  0.0017
3.913  0.0013
3.952  0.0420
4.122  0.0025
4.253  0.0022
