94
0.068  0.0070
0.110  0.0034
0.125  0.0000
0.144  0.0055
0.186  0.1600
0.235  0.0002
0.254  0.2200
0.254  0.0240
0.445  0.0013
0.516  0.0023
0.552  0.0047
0.565  0.0018
0.571  0.0065
0.620  0.0052
0.646  0.0007
0.756  0.0016
0.795  0.0037
0.817  0.0018
0.824  0.0013
0.835  0.0046
0.848  0.0009
0.903  0.0013
0.911  0.0016
0.917  0.0007
0.945  0.0082
0.981  0.0119
0.991  0.0007
1.002  0.0122
1.009  0.0170
1.048  0.0095
1.084  0.0009
1.088  0.0034
1.110  0.0006
1.117  0.0013
1.156  0.0049
1.169  0.0015
1.172  0.0013
1.183  0.0011
1.232  0.0015
1.300  0.0024
1.323  0.0220
1.334  0.0018
1.365  0.0008
1.368  0.0013
1.391  0.0126
1.465  0.0023
1.471  0.0052
1.486  0.0009
1.503  0.0029
1.513  0.0046
1.525  0.0051
1.532  0.0036
1.554  0.0006
1.576  0.0011
1.587  0.0003
1.611  0.0031
1.621  0.0007
1.628  0.0007
1.635  0.0011
1.649  0.0011
1.655  0.0028
1.670  0.0026
1.685  0.0006
1.693  0.0042
1.697  0.0023
1.717  0.0052
1.722  0.0014
1.728  0.0016
1.738  0.0051
1.753  0.0023
1.755  0.0103
1.762  0.0014
1.785  0.0006
1.797  0.0008
1.840  0.0014
1.865  0.0018
1.884  0.0028
1.898  0.0008
1.903  0.0067
1.907  0.0006
1.915  0.0006
1.929  0.0011
1.944  0.0006
1.951  0.0009
1.971  0.0021
1.990  0.0015
2.014  0.0008
2.018  0.0020
2.057  0.0007
2.088  0.0003
2.121  0.0011
2.191  0.0003
2.202  0.0014
2.272  0.0004
