56
0.050  0.0036
0.131  0.0077
0.134  0.0660
0.143  0.0012
0.153  0.0007
0.184  0.0021
0.288  0.0044
0.293  0.3700
0.338  0.0055
0.343  0.1700
0.417  0.0052
0.441  0.0041
0.446  0.0185
0.447  0.0022
0.477  0.0085
0.598  0.0052
0.733  0.0159
0.743  0.0044
0.829  0.0077
0.837  0.0133
0.865  0.0048
0.871  0.0052
0.941  0.0320
0.971  0.0081
1.014  0.0066
1.018  0.0122
1.050  0.0660
1.116  0.0125
1.123  0.0034
1.133  0.0092
1.152  0.0085
1.267  0.0010
1.288  0.0270
1.317  0.0890
1.318  0.0110
1.410  0.0041
1.426  0.0034
1.474  0.0133
1.549  0.0092
1.610  0.1100
1.623  0.0018
1.684  0.0074
1.714  0.0230
1.734  0.0810
1.753  0.0062
1.764  0.0920
1.869  0.0041
1.911  0.0018
1.920  0.0030
1.950  0.0162
1.961  0.0059
2.027  0.0140
2.057  0.0221
2.064  0.0041
2.356  0.0600
2.548  0.0170
