94
0.009  0.0170
0.052  0.0076
0.055  0.0380
0.064  0.2300
0.064  0.0013
0.077  0.0020
0.096  0.0001
0.116  0.0004
0.130  0.0001
0.131  0.0006
0.158  0.0003
0.162  0.0009
0.164  0.0001
0.209  0.0015
0.209  0.0002
0.212  0.0006
0.227  0.0004
0.238  0.0002
0.246  0.0001
0.252  0.0004
0.277  0.0004
0.288  0.0010
0.292  0.0002
0.303  0.0007
0.319  0.0290
0.328  0.0002
0.334  0.0084
0.339  0.0002
0.345  0.0004
0.359  0.0031
0.371  0.1120
0.380  0.0027
0.383  0.0007
0.393  0.0012
0.399  0.0134
0.409  0.0272
0.411  0.1780
0.420  0.0094
0.427  0.0016
0.434  0.0036
0.451  0.0124
0.461  0.0099
0.470  0.0020
0.475  0.0256
0.492  0.0009
0.506  0.0008
0.525  0.0031
0.544  0.0003
0.544  0.0003
0.553  0.0004
0.555  0.0004
0.568  0.0015
0.571  0.0159
0.585  0.0002
0.591  0.0016
0.607  0.0005
0.614  0.0002
0.619  0.0360
0.623  0.0099
0.626  0.0001
0.629  0.0010
0.632  0.0005
0.636  0.0005
0.656  0.0019
0.668  0.0001
0.675  0.0002
0.683  0.0008
0.683  0.0024
0.685  0.0005
0.688  0.0120
0.697  0.0007
0.699  0.0006
0.701  0.0030
0.707  0.0005
0.717  0.0003
0.729  0.0002
0.739  0.0002
0.751  0.0013
0.751  0.0013
0.753  0.0026
0.763  0.0037
0.763  0.0003
0.804  0.0002
0.814  0.0002
0.817  0.0007
0.865  0.0002
0.934  0.0004
0.944  0.0003
0.986  0.0015
0.996  0.0003
1.052  0.0003
1.060  0.0003
1.116  0.0002
1.167  0.0005
