57
0.060  0.0259
0.092  0.0059
0.112  0.0340
0.119  0.0560
0.133  0.0070
0.171  0.0170
0.173  0.0260
0.182  0.2810
0.188  0.0230
0.225  0.4390
0.262  0.0290
0.275  0.0080
0.281  0.1650
0.303  0.0320
0.322  0.0330
0.342  0.0270
0.344  0.0390
0.354  0.0730
0.386  0.0180
0.395  0.0079
0.413  0.0083
0.441  0.0100
0.446  0.0100
0.454  0.1970
0.538  0.0101
0.636  0.2090
0.723  0.0075
0.727  0.0080
0.744  0.0090
0.750  0.0390
0.762  0.0050
0.788  0.0120
0.798  0.0060
0.808  0.0330
0.818  0.0180
0.860  0.2450
0.909  0.0220
0.958  0.0127
0.980  0.0660
1.006  0.0870
1.157  0.0080
1.174  0.0260
1.345  0.0500
1.558  0.0031
1.570  0.0110
1.624  0.0040
1.675  0.0130
1.927  0.0070
1.970  0.0070
2.027  0.0120
2.104  0.0080
2.206  0.0480
2.489  0.0080
2.564  0.0100
2.627  0.0100
2.694  0.0110
3.554  0.0130
