165
0.189  0.0001
0.197  0.0001
0.231  0.0003
0.233  0.0001
0.250  0.0001
0.261  0.0001
0.268  0.0001
0.312  0.0001
0.339  0.0001
0.357  0.0001
0.376  0.0004
0.397  0.0002
0.401  0.0001
0.416  0.0001
0.419  0.0001
0.430  0.0004
0.434  0.0001
0.449  0.0003
0.455  0.0013
0.467  0.0002
0.505  0.0001
0.516  0.0005
0.528  0.0004
0.532  0.0021
0.538  0.0001
0.543  0.0002
0.558  0.0001
0.568  0.0010
0.568  0.0004
0.594  0.0007
0.598  0.0001
0.601  0.0006
0.604  0.0004
0.613  0.0001
0.617  0.0002
0.627  0.0150
0.651  0.0004
0.657  0.0003
0.666  0.0003
0.669  0.0004
0.672  0.0002
0.690  0.0002
0.715  0.0007
0.728  0.0004
0.736  0.0006
0.738  0.0004
0.771  0.0002
0.788  0.0001
0.793  0.0008
0.798  0.0003
0.806  0.0001
0.828  0.0011
0.832  0.0001
0.850  0.0001
0.858  0.0001
0.884  0.0001
0.891  0.0007
0.925  0.0007
0.929  0.0023
0.933  0.0001
0.946  0.0010
0.955  0.0003
0.967  0.0002
0.973  0.0001
1.041  0.0003
1.060  0.0001
1.064  0.0001
1.077  0.0003
1.092  0.0004
1.109  0.0004
1.111  0.0003
1.121  0.0005
1.159  0.0003
1.178  0.0007
1.185  0.0003
1.190  0.0018
1.216  0.0002
1.241  0.0001
1.249  0.0001
1.283  0.0710
1.306  0.0010
1.308  0.0037
1.316  0.0001
1.322  0.0023
1.344  0.0001
1.354  0.0002
1.393  0.0001
1.411  0.0015
1.421  0.0078
1.462  0.0004
1.473  0.0001
1.500  0.0001
1.529  0.0003
1.531  0.0002
1.547  0.0003
1.564  0.0001
1.565  0.0003
1.574  0.0003
1.592  0.0005
1.601  0.0002
1.621  0.0041
1.677  0.0009
1.681  0.0060
1.689  0.0002
1.699  0.0017
1.711  0.0008
1.714  0.0002
1.723  0.0007
1.738  0.0003
1.749  0.0001
1.768  0.0001
1.794  0.0002
1.815  0.0001
1.819  0.0001
1.851  0.0001
1.877  0.0034
1.888  0.0022
1.905  0.0012
1.933  0.0024
1.949  0.0003
1.998  0.0003
2.003  0.0001
2.021  0.0013
2.022  0.0006
2.038  0.0004
2.079  0.0004
2.090  0.0013
2.100  0.0005
2.111  0.0065
2.157  0.0004
2.167  0.0001
2.174  0.0020
2.219  0.0002
2.230  0.0001
2.250  0.0001
2.305  0.0003
2.330  0.0001
2.350  0.0055
2.353  0.0002
2.376  0.0007
2.381  0.0018
2.419  0.0001
2.524  0.0003
2.530  0.0008
2.532  0.0041
2.606  0.0024
2.649  0.0016
2.774  0.0003
2.837  0.0003
2.848  0.0010
2.997  0.0008
3.047  0.0003
3.096  0.0001
3.270  0.0001
3.324  0.0005
3.419  0.0004
3.464  0.0011
3.666  0.0013
3.724  0.0003
3.769  0.0004
3.820  0.0001
3.840  0.0002
3.854  0.0002
3.888  0.0001
3.912  0.0001
