66
0.055  0.0042
0.064  0.0175
0.087  0.0094
0.091  0.0107
0.111  0.2370
0.124  0.0050
0.128  0.0000
0.151  0.0016
0.161  0.0320
0.162  0.0170
0.191  0.0004
0.204  0.0003
0.215  0.1140
0.217  0.0173
0.227  0.0660
0.231  0.0002
0.244  0.0350
0.253  0.4400
0.253  0.0490
0.274  0.0043
0.279  0.0000
0.295  0.0048
0.296  0.0069
0.300  0.0047
0.315  0.0030
0.318  0.2280
0.331  0.0012
0.340  0.0019
0.354  0.0014
0.359  0.0011
0.382  0.0017
0.382  0.0021
0.384  0.1250
0.386  0.0000
0.414  0.7200
0.461  0.1070
0.528  0.0099
0.537  0.1270
0.539  0.0011
0.642  0.0140
0.770  0.0090
0.792  0.1450
0.808  0.0048
0.857  0.0067
0.895  0.1070
0.903  0.1500
0.921  0.3200
0.931  0.0008
0.943  0.0010
0.981  0.0004
1.019  0.0037
1.023  0.0063
1.043  0.0001
1.046  0.0004
1.061  0.0007
1.094  0.0002
1.104  0.0004
1.110  0.0223
1.172  0.0024
1.174  0.0480
1.208  0.0030
1.221  0.0009
1.312  0.0010
1.314  0.0033
1.335  0.0005
1.426  0.0017
