180
0.423  0.0007
0.471  0.0005
0.513  0.4800
0.546  0.0009
0.555  0.0004
0.556  0.0002
0.567  0.0008
0.597  0.0008
0.603  0.0010
0.610  0.0062
0.641  0.0156
0.650  0.0023
0.669  0.0042
0.697  0.0012
0.700  0.0770
0.703  0.0080
0.706  0.0350
0.709  0.0050
0.713  0.0065
0.735  0.0010
0.769  0.0111
0.776  0.0008
0.783  0.0033
0.798  0.0014
0.829  0.0025
0.830  0.0012
0.861  0.0003
0.867  0.0090
0.870  0.0065
0.913  0.0018
0.918  0.0007
0.918  0.0008
0.941  0.0007
0.955  0.0012
0.995  0.0088
1.010  0.0010
1.054  0.0010
1.057  0.0004
1.081  0.0052
1.094  0.0016
1.098  0.0004
1.129  0.0130
1.153  0.0027
1.169  0.0007
1.178  0.0003
1.179  0.0018
1.181  0.0007
1.213  0.0400
1.222  0.0017
1.254  0.0007
1.260  0.0009
1.267  0.0014
1.277  0.0007
1.292  0.0034
1.297  0.0052
1.305  0.0340
1.354  0.0017
1.403  0.0090
1.407  0.0007
1.408  0.0200
1.415  0.0036
1.438  0.0098
1.462  0.0040
1.484  0.0007
1.501  0.0008
1.514  0.0008
1.533  0.0018
1.551  0.0038
1.564  0.0004
1.570  0.0025
1.575  0.0014
1.605  0.0086
1.633  0.0013
1.643  0.0088
1.649  0.0017
1.706  0.0017
1.730  0.0029
1.759  0.0018
1.782  0.0087
1.792  0.0016
1.802  0.0057
1.824  0.0005
1.837  0.0020
1.873  0.0036
1.879  0.0087
1.918  0.0016
1.951  0.0017
1.965  0.0048
2.005  0.0117
2.059  0.0009
2.063  0.0013
2.091  0.0053
2.135  0.0130
2.140  0.0049
2.165  0.0010
2.207  0.0062
2.247  0.0077
2.271  0.0051
2.289  0.0130
2.316  0.0039
2.331  0.0090
2.349  0.0069
2.435  0.0013
2.465  0.0003
2.478  0.0690
2.488  0.0064
2.501  0.0078
2.546  0.0014
2.589  0.0013
2.624  0.0025
2.640  0.0017
2.662  0.0250
2.703  0.0440
2.760  0.0055
2.774  0.0008
2.801  0.0023
2.829  0.0091
2.835  0.0180
2.844  0.0065
2.865  0.0025
2.867  0.0025
2.921  0.0066
2.959  0.0064
3.001  0.0065
3.015  0.0013
3.029  0.0003
3.069  0.0025
3.082  0.0005
3.195  0.0018
3.219  0.0017
3.234  0.0017
3.251  0.0007
3.328  0.0010
3.340  0.0007
3.349  0.0016
3.402  0.0043
3.430  0.0009
3.440  0.0012
3.471  0.0013
3.476  0.0025
3.485  0.0009
3.512  0.0004
3.531  0.0004
3.542  0.0012
3.601  0.0016
3.622  0.0013
3.664  0.0003
3.682  0.0003
3.708  0.0007
3.733  0.0014
3.806  0.0003
3.851  0.0009
3.865  0.0008
3.878  0.0003
3.918  0.0005
3.936  0.0003
3.943  0.0004
3.962  0.0009
4.010  0.0005
4.023  0.0007
4.058  0.0003
4.083  0.0012
4.101  0.0021
4.118  0.0003
4.129  0.0004
4.134  0.0003
4.231  0.0003
4.259  0.0002
4.274  0.0002
4.290  0.0003
4.315  0.0005
4.403  0.0001
4.411  0.0003
4.428  0.0007
4.440  0.0004
4.455  0.0007
4.476  0.0005
4.539  0.0003
4.591  0.0007
4.689  0.0001
