84
0.197  0.0010
0.315  0.0001
0.544  0.0006
0.551  0.0001
0.721  0.0001
0.739  0.0005
0.752  0.0007
0.765  0.0000
0.824  0.0021
0.832  0.4000
0.886  0.0006
0.893  0.0003
0.985  0.0002
0.998  0.0045
1.004  0.0000
1.027  0.0002
1.039  0.0031
1.061  0.0950
1.141  0.0007
1.147  0.0004
1.177  0.0004
1.272  0.0004
1.326  0.0013
1.375  0.0018
1.438  0.0003
1.457  0.0004
1.486  0.0007
1.489  0.0003
1.522  0.0004
1.548  0.0006
1.590  0.0014
1.632  0.0008
1.666  0.0022
1.669  0.0015
1.739  0.0002
1.747  0.0004
1.804  0.0061
1.842  0.0002
1.871  0.0008
1.892  0.0057
1.942  0.0001
1.973  0.0004
1.996  0.0004
2.139  0.0044
2.148  0.0022
2.207  0.0045
2.216  0.0050
2.240  0.0016
2.245  0.0006
2.257  0.0001
2.298  0.0006
2.474  0.0061
2.477  0.0011
2.497  0.0003
2.689  0.0012
2.724  0.0013
2.924  0.0007
2.981  0.0010
3.039  0.0075
3.081  0.0016
3.149  0.0042
3.295  0.0086
3.304  0.0088
3.317  0.0028
3.362  0.0097
3.383  0.0670
3.534  0.0400
3.627  0.0013
3.814  0.0059
3.958  0.0008
4.019  0.0004
4.087  0.0026
4.136  0.0670
4.356  0.0044
4.366  0.0800
4.501  0.0004
4.646  0.0225
4.790  0.0006
4.919  0.0008
4.974  0.0021
5.187  0.0117
5.254  0.0023
5.333  0.0043
5.600  0.0003
