38
0.025  0.0003
0.035  0.0130
0.051  0.0003
0.059  0.0003
0.082  0.0070
0.113  0.0570
0.150  0.0059
0.153  0.0065
0.166  0.0005
0.178  0.0760
0.200  0.0049
0.212  0.0065
0.214  0.0054
0.215  0.0173
0.245  0.0130
0.249  0.0580
0.264  0.0038
0.266  0.0027
0.274  0.0011
0.276  0.0220
0.291  0.0750
0.296  0.0032
0.320  0.0005
0.325  0.0150
0.327  0.5400
0.378  0.0124
0.390  0.0005
0.426  0.0770
0.427  0.0014
0.492  0.0038
0.541  0.0049
0.556  0.0003
0.597  0.0011
0.655  0.0004
0.690  0.0011
0.705  0.0002
1.042  0.0011
1.317  0.0011
