37
0.160  0.0890
0.369  0.0013
0.400  0.0016
0.441  0.0107
0.471  0.0010
0.513  0.0020
0.528  0.0910
0.536  0.4600
0.543  0.0042
0.574  0.0029
0.601  0.0055
0.623  0.0150
0.769  0.0340
0.856  0.0040
0.913  0.0019
0.928  0.0250
0.969  0.0260
1.022  0.0490
1.064  0.0330
1.072  0.0049
1.126  0.0031
1.257  0.0090
1.282  0.0014
1.363  0.0010
1.397  0.0010
1.432  0.0006
1.442  0.0027
1.502  0.0440
1.550  0.0068
1.599  0.0021
1.654  0.0123
1.666  0.0028
1.871  0.0033
1.907  0.0039
2.435  0.0139
2.527  0.0034
2.535  0.0081
