271
0.022  0.0007
0.029  0.0007
0.030  0.0000
0.045  0.0018
0.047  0.0003
0.047  0.0016
0.054  0.0017
0.054  0.0116
0.065  0.0006
0.069  0.0075
0.070  0.0030
0.071  0.0011
0.083  0.0044
0.090  0.0014
0.095  0.0008
0.099  0.0830
0.099  0.0080
0.105  0.0009
0.105  0.0013
0.114  0.0087
0.116  0.0064
0.121  0.0077
0.123  0.0250
0.127  0.0014
0.127  0.0009
0.127  0.0009
0.132  0.0041
0.136  0.0026
0.142  0.0004
0.142  0.0004
0.143  0.0302
0.143  0.0022
0.146  0.0064
0.148  0.0018
0.152  0.0552
0.164  0.0044
0.165  0.0141
0.170  0.0510
0.175  0.0055
0.175  0.0075
0.179  0.0203
0.187  0.0011
0.202  0.0027
0.203  0.0006
0.207  0.0073
0.211  0.0008
0.213  0.0028
0.219  0.0010
0.229  0.0029
0.241  0.0003
0.241  0.0055
0.248  0.0036
0.252  0.0007
0.256  0.0008
0.257  0.0034
0.264  0.0084
0.265  0.0161
0.273  0.0007
0.276  0.0006
0.289  0.0015
0.293  0.0004
0.296  0.0029
0.297  0.0057
0.298  0.0052
0.300  0.0005
0.301  0.0005
0.305  0.0006
0.309  0.0006
0.318  0.0035
0.320  0.0016
0.326  0.0027
0.326  0.0027
0.326  0.0027
0.330  0.0017
0.335  0.0014
0.351  0.0011
0.352  0.0171
0.356  0.0089
0.360  0.0017
0.362  0.0019
0.363  0.0011
0.364  0.0029
0.368  0.0009
0.370  0.0019
0.373  0.0025
0.378  0.0035
0.389  0.0019
0.390  0.0014
0.395  0.0008
0.398  0.0008
0.399  0.0006
0.406  0.0025
0.408  0.0039
0.408  0.0019
0.409  0.0009
0.412  0.0011
0.414  0.0005
0.414  0.0005
0.420  0.0031
0.420  0.0012
0.424  0.0023
0.425  0.0007
0.428  0.0021
0.432  0.0022
0.433  0.0030
0.449  0.0030
0.451  0.0012
0.462  0.0010
0.467  0.0024
0.470  0.0006
0.472  0.0006
0.472  0.0006
0.477  0.0010
0.477  0.0010
0.484  0.0020
0.484  0.0039
0.486  0.0015
0.503  0.0014
0.503  0.0014
0.514  0.0028
0.518  0.0005
0.531  0.0099
0.536  0.0039
0.537  0.0022
0.537  0.0022
0.537  0.0022
0.543  0.0015
0.546  0.0028
0.546  0.0011
0.551  0.0012
0.551  0.0012
0.562  0.0006
0.562  0.0008
0.566  0.0010
0.571  0.0150
0.573  0.0025
0.573  0.0025
0.591  0.0006
0.601  0.0009
0.602  0.0007
0.606  0.0009
0.624  0.0007
0.627  0.0052
0.634  0.0007
0.636  0.0013
0.636  0.0013
0.639  0.0016
0.639  0.0016
0.641  0.0008
0.644  0.0016
0.651  0.0144
0.651  0.0017
0.658  0.0039
0.662  0.0044
0.668  0.0017
0.679  0.0006
0.679  0.0006
0.681  0.0009
0.684  0.0009
0.693  0.0112
0.696  0.0830
0.702  0.0012
0.705  0.0035
0.711  0.0009
0.714  0.0016
0.721  0.0262
0.723  0.0047
0.727  0.0008
0.734  0.0031
0.738  0.0054
0.743  0.0056
0.750  0.1190
0.757  0.0013
0.757  0.0013
0.759  0.0008
0.760  0.0012
0.779  0.0070
0.783  0.0040
0.799  0.0010
0.799  0.0010
0.801  0.0011
0.806  0.0012
0.808  0.0008
0.814  0.0010
0.821  0.0007
0.823  0.0018
0.828  0.0015
0.835  0.0010
0.837  0.0213
0.837  0.0055
0.839  0.0018
0.839  0.0018
0.856  0.0006
0.856  0.0006
0.858  0.0013
0.859  0.0008
0.865  0.0018
0.866  0.0006
0.866  0.0006
0.877  0.0009
0.881  0.0020
0.886  0.0033
0.892  0.0013
0.896  0.0030
0.899  0.0007
0.902  0.0008
0.903  0.0008
0.917  0.0006
0.920  0.0042
0.943  0.0006
0.949  0.0012
0.951  0.0030
0.960  0.0006
0.978  0.0007
0.980  0.0008
0.982  0.0013
0.990  0.0008
1.000  0.0011
1.018  0.0009
1.019  0.0022
1.027  0.0011
1.029  0.0013
1.034  0.0044
1.045  0.0007
1.047  0.0023
1.070  0.0019
1.084  0.0010
1.095  0.0009
1.103  0.0018
1.111  0.0006
1.131  0.0008
1.144  0.0028
1.169  0.0014
1.173  0.0013
1.176  0.0008
1.194  0.0018
1.196  0.0014
1.227  0.0007
1.230  0.0007
1.232  0.0008
1.281  0.0008
1.298  0.0041
1.321  0.0014
1.328  0.0041
1.328  0.0017
1.337  0.0017
1.337  0.0028
1.351  0.0031
1.363  0.0012
1.375  0.0008
1.375  0.0008
1.385  0.0010
1.392  0.0006
1.397  0.0014
1.416  0.0009
1.421  0.0009
1.443  0.0008
1.451  0.0049
1.457  0.0013
1.471  0.0009
1.495  0.0040
1.498  0.0011
1.504  0.0013
1.509  0.0013
1.513  0.0014
1.549  0.0009
1.551  0.0014
1.568  0.0048
1.607  0.0006
1.627  0.0006
1.667  0.0014
