51
0.135  0.0250
0.160  0.0047
0.182  0.0006
0.274  0.0120
0.296  0.0160
0.301  0.0240
0.324  0.0120
0.326  0.0120
0.457  0.0070
0.620  0.0160
0.626  0.0240
0.642  0.2400
0.669  0.0190
0.726  0.0410
0.825  0.0260
0.866  0.0047
0.911  0.0071
0.933  0.2640
0.943  0.4710
0.959  0.0061
1.050  0.0070
1.124  0.0890
1.192  0.0104
1.192  0.0104
1.207  0.0410
1.234  0.0230
1.268  0.0300
1.285  0.0052
1.285  0.0052
1.332  0.0085
1.392  0.0080
1.399  0.0137
1.455  0.0047
1.470  0.0155
1.538  0.0050
1.554  0.0060
1.559  0.0042
1.609  0.0140
1.722  0.0245
1.756  0.0113
1.821  0.0122
1.854  0.0420
1.956  0.0080
2.017  0.0070
2.179  0.0230
2.255  0.0071
2.335  0.0188
2.399  0.0113
2.496  0.0066
2.551  0.0038
2.662  0.0108
