80
0.064  0.0135
0.121  0.0180
0.125  0.1590
0.159  0.0170
0.161  0.0073
0.170  0.0051
0.198  0.0011
0.210  0.0013
0.284  0.0016
0.330  0.0038
0.341  0.0021
0.357  0.0002
0.362  0.0048
0.395  0.0006
0.463  0.0100
0.476  0.0135
0.487  0.0450
0.499  0.0076
0.532  0.0300
0.534  0.0068
0.536  0.1380
0.556  0.0013
0.583  0.0095
0.589  0.0004
0.624  0.0073
0.632  0.0027
0.657  0.0032
0.662  0.0087
0.677  0.0035
0.692  0.0005
0.726  0.0012
0.732  0.0024
0.740  0.0014
0.803  0.0017
0.817  0.0003
0.875  0.0052
0.922  0.0014
0.937  0.0045
1.008  0.0049
1.009  0.0170
1.042  0.0016
1.047  0.0410
1.066  0.0134
1.088  0.0008
1.096  0.0060
1.117  0.0073
1.119  0.0008
1.191  0.0056
1.195  0.0097
1.198  0.0910
1.213  0.0008
1.265  0.0030
1.277  0.0072
1.388  0.0057
1.402  0.0118
1.412  0.0161
1.422  0.0048
1.443  0.0070
1.549  0.0083
1.581  0.0037
1.583  0.0048
1.619  0.0160
1.623  0.0032
1.670  0.0046
1.703  0.0046
1.719  0.0089
1.740  0.0151
1.744  0.0110
1.758  0.0073
1.793  0.0070
1.806  0.0103
1.931  0.0148
2.080  0.0560
2.114  0.0103
2.155  0.0095
2.206  0.0068
2.239  0.0730
2.245  0.0035
2.276  0.0120
2.279  0.0750
