188
0.006  0.0017
0.049  0.0830
0.055  0.0015
0.341  0.0004
0.441  0.0003
0.448  0.0009
0.502  0.0013
0.510  0.0018
0.551  0.0007
0.555  0.0390
0.562  0.0490
0.570  0.0010
0.585  0.0028
0.588  0.0058
0.589  0.0400
0.592  0.0018
0.605  0.0107
0.613  0.0026
0.613  0.0007
0.639  0.0014
0.643  0.0008
0.647  0.0110
0.649  0.0059
0.654  0.0073
0.661  0.0078
0.692  0.0310
0.698  0.0007
0.699  0.0050
0.709  0.0016
0.728  0.0009
0.772  0.0027
0.779  0.0027
0.808  0.0009
0.827  0.0016
0.894  0.0008
0.902  0.0026
0.938  0.0016
0.939  0.0007
0.954  0.0009
0.973  0.0022
0.986  0.0016
1.008  0.0045
1.017  0.0010
1.020  0.0012
1.025  0.0014
1.044  0.0008
1.056  0.0049
1.062  0.0100
1.067  0.0007
1.068  0.0044
1.072  0.0031
1.073  0.0014
1.098  0.0031
1.117  0.0014
1.127  0.0006
1.141  0.0100
1.147  0.0198
1.147  0.0100
1.154  0.0093
1.166  0.0031
1.172  0.0093
1.177  0.0066
1.178  0.0064
1.181  0.0025
1.183  0.0021
1.194  0.0410
1.196  0.0026
1.201  0.0013
1.210  0.0009
1.214  0.0074
1.226  0.0088
1.230  0.0035
1.233  0.0021
1.244  0.0004
1.264  0.0017
1.278  0.0007
1.315  0.0014
1.343  0.0005
1.360  0.0024
1.383  0.0009
1.401  0.0005
1.432  0.0046
1.449  0.0034
1.453  0.0005
1.455  0.0009
1.497  0.0024
1.504  0.0004
1.518  0.0029
1.524  0.0008
1.539  0.0004
1.573  0.0020
1.575  0.0006
1.599  0.0007
1.606  0.0014
1.626  0.0015
1.630  0.0021
1.654  0.0006
1.662  0.0042
1.688  0.0013
1.710  0.0013
1.715  0.0046
1.739  0.0004
1.752  0.0014
1.758  0.0013
1.764  0.0014
1.773  0.0015
1.783  0.0011
1.789  0.0037
1.809  0.0011
1.819  0.0039
1.825  0.0020
1.843  0.0007
1.852  0.0018
1.868  0.0007
1.886  0.0020
1.894  0.0036
1.898  0.0018
1.906  0.0036
1.918  0.0030
1.933  0.0037
1.941  0.0046
1.955  0.0014
1.961  0.0009
1.965  0.0011
1.994  0.0029
1.998  0.0017
2.044  0.0016
2.048  0.0028
2.052  0.0004
2.057  0.0012
2.058  0.0046
2.064  0.0034
2.067  0.0019
2.088  0.0038
2.094  0.0037
2.140  0.0004
2.143  0.0035
2.328  0.0003
2.385  0.0017
2.388  0.0008
2.394  0.0017
2.399  0.0019
2.411  0.0014
2.489  0.0009
2.489  0.0009
2.534  0.0007
2.546  0.0006
2.564  0.0011
2.615  0.0012
2.638  0.0009
2.672  0.0013
2.710  0.0011
2.729  0.0007
2.820  0.0022
2.846  0.0014
2.949  0.0015
2.977  0.0014
3.032  0.0004
3.039  0.0025
3.057  0.0003
3.072  0.0052
3.078  0.0029
3.099  0.0009
3.115  0.0034
3.121  0.0014
3.133  0.0019
3.134  0.0017
3.169  0.0009
3.183  0.0010
3.189  0.0003
3.192  0.0034
3.194  0.0016
3.204  0.0008
3.218  0.0004
3.225  0.0017
3.238  0.0004
3.260  0.0011
3.273  0.0013
3.304  0.0006
3.313  0.0009
3.331  0.0018
3.349  0.0013
3.377  0.0008
3.383  0.0004
3.396  0.0003
3.417  0.0003
3.474  0.0006
3.529  0.0003
