56
0.198  0.0018
0.218  0.0660
0.278  0.0012
0.297  0.0001
0.415  0.0013
0.482  0.0001
0.496  0.0170
0.579  0.0001
0.587  0.0001
0.608  0.0001
0.693  0.0046
0.716  0.0005
0.782  0.0007
0.810  0.0002
0.911  0.0210
1.013  0.0002
1.070  0.0001
1.113  0.0034
1.194  0.0001
1.197  0.0036
1.198  0.0084
1.393  0.0006
1.429  0.0015
1.475  0.0017
1.484  0.0012
1.494  0.0001
1.504  0.0004
1.594  0.0001
1.613  0.0104
1.693  0.0018
1.707  0.0002
1.721  0.0021
1.726  0.0001
1.762  0.0004
1.859  0.0002
1.873  0.0002
1.891  0.0005
1.925  0.0057
1.971  0.0001
1.980  0.0041
2.028  0.0003
2.109  0.0071
2.246  0.0007
2.249  0.0002
2.274  0.0007
2.466  0.0001
2.571  0.0001
2.616  0.0001
2.769  0.0001
2.770  0.0009
2.788  0.0003
2.814  0.0001
2.882  0.0001
2.900  0.0001
2.987  0.0013
3.099  0.0001
