42
0.093  0.1300
0.134  0.0440
0.197  0.0950
0.243  0.0240
0.290  0.0500
0.336  0.5900
0.391  0.0234
0.402  0.0420
0.468  0.0260
0.482  0.0780
0.507  0.0140
0.616  0.0180
0.637  0.0170
0.666  0.0213
0.666  0.0355
0.706  0.0620
0.709  0.0450
0.738  0.1210
0.747  0.0730
0.752  0.0690
0.759  0.0570
0.793  0.0497
0.793  0.3410
0.859  0.0800
0.876  0.1140
0.990  0.0140
1.013  0.0950
1.059  0.0360
1.083  0.0280
1.100  0.0230
1.145  0.0820
1.156  0.0840
1.352  0.0071
1.430  0.0800
1.496  0.1990
1.582  0.0630
1.629  0.0470
1.883  0.1310
1.887  0.0114
2.208  0.0210
2.228  0.0140
2.630  0.0420
