244
0.018  0.0001
0.042  0.0001
0.058  0.0047
0.077  0.0003
0.100  0.0126
0.100  0.0009
0.115  0.0001
0.129  0.0242
0.136  0.0002
0.141  0.0005
0.146  0.0016
0.154  0.0072
0.169  0.0001
0.169  0.0000
0.174  0.0004
0.185  0.0007
0.191  0.0012
0.199  0.0032
0.204  0.0011
0.209  0.0389
0.215  0.0076
0.215  0.0003
0.224  0.0005
0.231  0.0003
0.258  0.0003
0.264  0.0004
0.270  0.0346
0.279  0.0016
0.279  0.0003
0.282  0.0007
0.322  0.0023
0.326  0.0003
0.327  0.0012
0.328  0.0295
0.332  0.0040
0.338  0.1127
0.341  0.0037
0.357  0.0002
0.373  0.0001
0.378  0.0003
0.385  0.0001
0.389  0.0001
0.398  0.0003
0.400  0.0003
0.409  0.0192
0.416  0.0001
0.419  0.0002
0.440  0.0012
0.449  0.0005
0.452  0.0001
0.457  0.0001
0.463  0.0440
0.470  0.0001
0.472  0.0003
0.475  0.0002
0.478  0.0021
0.481  0.0002
0.490  0.0001
0.492  0.0002
0.497  0.0001
0.504  0.0018
0.509  0.0045
0.515  0.0005
0.520  0.0007
0.523  0.0010
0.541  0.0003
0.546  0.0020
0.549  0.0002
0.555  0.0005
0.562  0.0087
0.571  0.0018
0.572  0.0015
0.583  0.0011
0.590  0.0002
0.611  0.0002
0.616  0.0008
0.620  0.0008
0.623  0.0001
0.627  0.0001
0.629  0.0004
0.640  0.0005
0.649  0.0004
0.649  0.0004
0.652  0.0009
0.660  0.0001
0.664  0.0003
0.666  0.0006
0.666  0.0001
0.672  0.0003
0.674  0.0005
0.675  0.0210
0.677  0.0006
0.684  0.0002
0.688  0.0007
0.688  0.0007
0.693  0.0001
0.699  0.0004
0.702  0.0017
0.707  0.0015
0.718  0.0002
0.727  0.0062
0.738  0.0004
0.755  0.0100
0.770  0.0001
0.772  0.0149
0.774  0.0006
0.777  0.0002
0.778  0.0002
0.782  0.0049
0.791  0.0001
0.791  0.0001
0.793  0.0008
0.795  0.0425
0.814  0.0001
0.817  0.0003
0.825  0.0005
0.830  0.0054
0.836  0.0161
0.840  0.0091
0.853  0.0000
0.870  0.0004
0.873  0.0003
0.874  0.0005
0.877  0.0001
0.881  0.0001
0.887  0.0003
0.901  0.0002
0.904  0.0077
0.911  0.2580
0.919  0.0003
0.922  0.0001
0.922  0.0001
0.924  0.0001
0.931  0.0001
0.931  0.0001
0.940  0.0001
0.944  0.0009
0.948  0.0011
0.959  0.0028
0.965  0.0499
0.969  0.1580
0.976  0.0005
0.979  0.0003
0.988  0.0008
0.989  0.0008
1.001  0.0001
1.014  0.0000
1.016  0.0002
1.016  0.0002
1.018  0.0001
1.020  0.0002
1.033  0.0020
1.040  0.0004
1.041  0.0004
1.053  0.0001
1.054  0.0002
1.063  0.0001
1.065  0.0013
1.075  0.0001
1.088  0.0001
1.096  0.0013
1.103  0.0001
1.111  0.0028
1.111  0.0002
1.118  0.0005
1.135  0.0001
1.143  0.0001
1.148  0.0001
1.154  0.0014
1.157  0.0001
1.165  0.0007
1.175  0.0002
1.191  0.0001
1.217  0.0002
1.229  0.0001
1.245  0.0009
1.247  0.0050
1.250  0.0006
1.277  0.0001
1.286  0.0005
1.288  0.0008
1.310  0.0002
1.315  0.0001
1.345  0.0001
1.347  0.0001
1.358  0.0002
1.366  0.0001
1.374  0.0001
1.401  0.0001
1.416  0.0002
1.431  0.0004
1.451  0.0001
1.459  0.0083
1.470  0.0002
1.496  0.0086
1.502  0.0046
1.538  0.0005
1.549  0.0004
1.557  0.0018
1.560  0.0002
1.572  0.0001
1.573  0.0003
1.581  0.0060
1.588  0.0322
1.609  0.0001
1.625  0.0026
1.631  0.0151
1.638  0.0047
1.667  0.0018
1.678  0.0005
1.686  0.0009
1.701  0.0001
1.702  0.0005
1.706  0.0001
1.713  0.0001
1.724  0.0003
1.738  0.0002
1.740  0.0001
1.742  0.0001
1.751  0.0001
1.758  0.0004
1.772  0.0000
1.795  0.0000
1.798  0.0000
1.801  0.0000
1.823  0.0004
1.827  0.0000
1.835  0.0004
1.842  0.0004
1.850  0.0000
1.871  0.0002
1.880  0.0000
1.887  0.0009
1.900  0.0000
1.907  0.0001
1.930  0.0002
1.936  0.0000
1.952  0.0006
1.956  0.0000
1.958  0.0000
1.965  0.0002
1.972  0.0000
1.979  0.0000
2.029  0.0000
