115
0.002  0.0000
0.012  0.0000
0.012  0.0000
0.016  0.0000
0.026  0.0001
0.038  0.0061
0.040  0.0002
0.056  0.0000
0.064  0.0003
0.064  0.1350
0.076  0.0014
0.088  0.0060
0.090  0.3600
0.100  0.0250
0.102  0.0330
0.107  0.0055
0.113  0.0008
0.121  0.0130
0.123  0.0013
0.131  0.0010
0.135  0.0067
0.136  0.0100
0.140  0.0007
0.149  0.0014
0.151  0.0028
0.152  0.0012
0.153  0.0010
0.159  0.0021
0.160  0.0007
0.161  0.0040
0.164  0.0147
0.175  0.0040
0.176  0.0096
0.178  0.0021
0.182  0.0025
0.187  0.0007
0.194  0.0014
0.201  0.0055
0.204  0.0270
0.207  0.0050
0.208  0.0006
0.237  0.0005
0.264  0.0004
0.284  0.0014
0.292  0.0069
0.295  0.0022
0.297  0.0003
0.322  0.0009
0.347  0.0019
0.349  0.0007
0.351  0.0019
0.363  0.0021
0.370  0.0296
0.373  0.0007
0.379  0.0009
0.382  0.0188
0.384  0.0169
0.392  0.0243
0.403  0.0031
0.411  0.0011
0.413  0.0029
0.422  0.0007
0.434  0.0470
0.435  0.0007
0.437  0.0010
0.439  0.0014
0.446  0.0010
0.449  0.0034
0.470  0.0010
0.473  0.0013
0.475  0.0046
0.498  0.0007
0.515  0.0180
0.524  0.0011
0.534  0.0011
0.555  0.0280
0.573  0.0009
0.574  0.0043
0.586  0.2770
0.597  0.0007
0.598  0.0007
0.630  0.0010
0.642  0.0007
0.676  0.0019
0.737  0.0013
0.743  0.0006
0.795  0.0007
0.810  0.0007
0.847  0.0010
0.908  0.0005
0.945  0.0007
0.984  0.0004
0.993  0.0015
0.993  0.0015
0.993  0.0015
0.996  0.0005
1.005  0.0007
1.048  0.0009
1.147  0.0004
1.147  0.0004
1.178  0.0007
1.190  0.0006
1.217  0.0011
1.307  0.0041
1.314  0.0008
1.342  0.0023
1.347  0.0050
1.354  0.0003
1.365  0.0009
1.378  0.0036
1.385  0.0018
1.432  0.0005
1.455  0.0019
1.468  0.0026
1.475  0.0003
