76
0.060  0.0055
0.070  0.9040
0.087  0.0002
0.101  0.0001
0.142  0.0000
0.166  0.0001
0.169  0.0004
0.202  0.0001
0.230  0.0002
0.279  0.0001
0.290  0.0011
0.308  0.0001
0.317  0.0002
0.352  0.0001
0.377  0.0046
0.391  0.0003
0.405  0.0009
0.416  0.0008
0.418  0.0000
0.439  0.0005
0.477  0.0006
0.479  0.0002
0.486  0.0003
0.494  0.0001
0.509  0.0022
0.509  0.0022
0.516  0.0003
0.519  0.0001
0.541  0.0003
0.547  0.0038
0.553  0.0002
0.580  0.0087
0.603  0.0002
0.611  0.0002
0.623  0.0029
0.624  0.0002
0.635  0.0002
0.642  0.0002
0.642  0.0004
0.650  0.0057
0.657  0.0002
0.685  0.0005
0.710  0.0013
0.743  0.0002
0.746  0.0001
0.773  0.0000
0.775  0.0004
0.794  0.0002
0.804  0.0004
0.808  0.0003
0.808  0.0000
0.817  0.0001
0.833  0.0001
0.836  0.0028
0.890  0.0000
0.921  0.0003
0.937  0.0001
0.950  0.0001
0.956  0.0004
1.002  0.0006
1.015  0.0001
1.022  0.0001
1.027  0.0001
1.053  0.0000
1.060  0.0001
1.067  0.0001
1.098  0.0001
1.120  0.0014
1.270  0.0001
1.311  0.0001
1.389  0.0056
1.459  0.0058
1.506  0.0000
1.543  0.0002
1.575  0.0003
1.644  0.0002
