75
0.063  0.1330
0.126  0.0049
0.159  0.0003
0.189  0.0064
0.189  0.0021
0.193  0.0011
0.204  0.0004
0.208  0.0109
0.211  0.0005
0.232  0.0204
0.247  0.0014
0.285  0.0810
0.288  0.0012
0.305  0.0009
0.319  0.0003
0.347  0.0077
0.351  0.0250
0.351  0.0091
0.351  0.0090
0.365  0.0004
0.366  0.0003
0.424  0.0380
0.436  0.0121
0.440  0.0670
0.473  0.0002
0.477  0.0005
0.482  0.0006
0.492  0.0148
0.499  0.0035
0.507  0.0009
0.507  0.0005
0.512  0.0083
0.513  0.0018
0.525  0.0001
0.540  0.0040
0.555  0.0038
0.598  0.0039
0.635  0.0037
0.656  0.0094
0.657  0.0024
0.671  0.0005
0.671  0.0047
0.696  0.0010
0.701  0.0001
0.714  0.0002
0.724  0.5900
0.744  0.0014
0.760  0.0034
0.763  0.0002
0.763  0.0008
0.773  0.0018
0.773  0.0006
0.783  0.0230
0.802  0.0003
0.835  0.0002
0.846  0.0030
0.858  0.0018
0.860  0.0165
0.863  0.0024
0.864  0.0001
0.886  0.0009
0.912  0.0015
0.921  0.0015
0.949  0.0005
0.979  0.0009
1.021  0.0004
1.047  0.0009
1.111  0.0250
1.148  0.0910
1.211  0.0094
1.371  0.0007
1.498  0.0005
1.546  0.0002
1.561  0.0004
1.607  0.0001
