84
0.219  0.0082
0.270  0.0021
0.309  0.0034
0.345  0.0240
0.362  0.0013
0.381  0.0093
0.396  0.0043
0.431  0.0020
0.434  0.0079
0.598  0.0036
0.813  0.0090
0.866  0.0064
0.977  0.0267
0.994  0.0161
1.057  0.0029
1.101  0.0048
1.179  0.0022
1.247  0.0227
1.313  0.6670
1.321  0.2480
1.400  0.0011
1.536  0.0129
1.556  0.0047
1.584  0.0025
1.625  0.0023
1.635  0.0037
1.666  0.0017
1.709  0.0069
1.820  0.0021
1.911  0.0009
1.962  0.0228
1.968  0.0017
1.980  0.0013
2.039  0.0016
2.168  0.0008
2.290  0.1040
2.383  0.0021
2.415  0.0680
2.548  0.0013
2.602  0.0012
2.634  0.0670
2.658  0.0009
2.658  0.0009
2.829  0.0010
2.849  0.0003
2.869  0.0390
2.956  0.0072
2.979  0.0031
3.141  0.0069
3.195  0.0017
3.212  0.0051
3.272  0.0009
3.349  0.0019
3.635  0.0012
3.635  0.0012
3.674  0.0017
3.775  0.0003
3.775  0.0003
4.064  0.0017
4.209  0.0005
4.269  0.0035
4.455  0.0004
4.474  0.0013
4.519  0.0001
4.544  0.0006
4.711  0.0005
4.739  0.0011
4.929  0.0011
5.017  0.0009
5.218  0.0003
5.321  0.0007
5.608  0.0015
5.801  0.0013
5.871  0.0003
5.968  0.0001
6.013  0.0001
6.053  0.0005
6.104  0.0013
6.114  0.0007
6.126  0.0009
6.170  0.0001
6.200  0.0001
6.253  0.0003
6.409  0.0002
