176
0.036  0.0011
0.108  0.0001
0.119  0.0008
0.195  0.0003
0.231  0.0005
0.258  0.6400
0.276  0.0004
0.292  0.0070
0.295  0.0003
0.302  0.0002
0.314  0.0019
0.317  0.0003
0.339  0.0003
0.346  0.0028
0.350  0.0017
0.367  0.0024
0.383  0.0006
0.410  0.0450
0.421  0.0034
0.457  0.0076
0.467  0.0003
0.503  0.0034
0.515  0.0043
0.534  0.0011
0.550  0.0011
0.596  0.0030
0.607  0.0008
0.646  0.0003
0.666  0.0620
0.693  0.0032
0.702  0.0640
0.714  0.0048
0.714  0.0012
0.745  0.0010
0.757  0.0017
0.785  0.0306
0.787  0.0003
0.793  0.0096
0.797  0.0003
0.829  0.0096
0.832  0.0043
0.836  0.0014
0.852  0.0040
0.870  0.0040
0.882  0.0003
0.882  0.0003
0.908  0.0030
0.915  0.0008
0.925  0.0800
0.928  0.0017
0.948  0.0017
0.959  0.0025
0.993  0.0013
1.016  0.0331
1.028  0.0024
1.028  0.0024
1.038  0.0055
1.043  0.0014
1.065  0.0048
1.065  0.0003
1.084  0.0038
1.115  0.0014
1.123  0.0041
1.129  0.0029
1.134  0.0018
1.140  0.0039
1.167  0.0022
1.173  0.0085
1.189  0.0003
1.195  0.0011
1.202  0.0017
1.240  0.0003
1.262  0.0008
1.274  0.0127
1.318  0.0121
1.325  0.0008
1.337  0.0020
1.348  0.0003
1.351  0.0015
1.354  0.0009
1.363  0.0017
1.369  0.0011
1.369  0.0010
1.377  0.0003
1.382  0.0172
1.386  0.0021
1.399  0.0045
1.408  0.0010
1.444  0.0028
1.485  0.0020
1.490  0.0018
1.495  0.0003
1.498  0.0140
1.509  0.0011
1.544  0.0039
1.550  0.0039
1.574  0.0080
1.585  0.0005
1.588  0.0014
1.595  0.0004
1.619  0.0029
1.625  0.0007
1.643  0.0015
1.673  0.0015
1.679  0.0016
1.701  0.0015
1.734  0.0004
1.742  0.0007
1.752  0.0010
1.753  0.0003
1.757  0.0076
1.773  0.0045
1.793  0.0062
1.813  0.0003
1.827  0.0004
1.832  0.0017
1.868  0.0033
1.893  0.0011
1.898  0.0020
1.908  0.0004
1.916  0.0012
1.921  0.0019
1.937  0.0014
1.945  0.0020
1.960  0.0010
1.964  0.0003
1.968  0.0003
1.975  0.0015
1.981  0.0006
1.992  0.0023
2.029  0.0049
2.052  0.0082
2.060  0.0037
2.109  0.0005
2.141  0.0020
2.156  0.0033
2.156  0.0033
2.180  0.0026
2.184  0.0013
2.188  0.0118
2.234  0.0003
2.253  0.0069
2.311  0.0015
2.311  0.0015
2.319  0.0052
2.322  0.0036
2.333  0.0036
2.359  0.0204
2.368  0.0020
2.368  0.0020
2.381  0.0025
2.398  0.0036
2.404  0.0034
2.417  0.0036
2.455  0.0049
2.475  0.0037
2.533  0.0039
2.583  0.0080
2.603  0.0099
2.610  0.0025
2.695  0.0105
2.861  0.0008
2.996  0.0022
2.997  0.0022
3.025  0.0062
3.028  0.0003
3.071  0.0087
3.083  0.0041
3.276  0.0016
3.449  0.0003
3.486  0.0003
3.698  0.0010
3.766  0.0003
4.153  0.0015
4.432  0.0004
4.690  0.0003
