65
0.074  0.0001
0.075  0.0001
0.080  0.0820
0.099  0.0020
0.099  0.0009
0.184  0.0550
0.198  0.0260
0.217  0.0002
0.284  0.0004
0.384  0.0005
0.422  0.0021
0.430  0.0013
0.447  0.0128
0.458  0.0030
0.547  0.0016
0.557  0.0064
0.559  0.0002
0.570  0.0008
0.632  0.0320
0.646  0.0010
0.674  0.0005
0.720  0.0015
0.720  0.0076
0.731  0.0142
0.741  0.3600
0.748  0.0013
0.816  0.1830
0.821  0.3400
0.830  0.0021
0.853  0.0006
0.915  0.0090
0.929  0.0004
0.952  0.0005
1.012  0.0003
1.027  0.0002
1.034  0.0002
1.077  0.0003
1.109  0.0001
1.137  0.0002
1.173  0.0008
1.176  0.0003
1.197  0.0001
1.260  0.0009
1.268  0.0005
1.277  0.0010
1.297  0.0034
1.351  0.0001
1.359  0.0020
1.372  0.0150
1.434  0.0008
1.461  0.0008
1.529  0.0004
1.541  0.0001
1.604  0.0011
1.651  0.0002
1.768  0.0026
1.836  0.0011
1.848  0.0024
1.850  0.0017
1.915  0.0004
1.930  0.0012
2.221  0.0003
2.345  0.0020
2.405  0.0004
2.425  0.0009
