71
0.144  0.0008
0.244  0.0054
0.253  0.0025
0.318  0.0017
0.322  0.0007
0.354  0.0065
0.422  0.0010
0.424  0.0038
0.468  0.0150
0.487  0.0015
0.503  0.0011
0.549  0.0032
0.565  0.0006
0.578  0.0023
0.592  0.0016
0.639  0.0380
0.646  0.0930
0.649  0.0020
0.696  0.0017
0.740  0.0001
0.746  0.0077
0.749  0.0015
0.793  0.0240
0.805  0.0850
0.809  0.0038
0.810  0.0008
0.840  0.0008
0.856  0.0124
0.893  0.0122
0.910  0.0046
0.946  0.0042
0.949  0.0064
0.956  0.0650
0.964  0.0500
0.971  0.0030
0.973  0.0003
0.976  0.0004
0.989  0.0024
1.049  0.0760
1.071  0.0057
1.074  0.0003
1.088  0.0017
1.100  0.0062
1.111  0.0006
1.133  0.0003
1.184  0.0002
1.214  0.0118
1.228  0.0004
1.263  0.0004
1.326  0.0065
1.389  0.0076
1.411  0.0009
1.556  0.0152
1.597  0.6400
1.603  0.0032
1.619  0.0018
1.633  0.0023
1.697  0.0038
1.705  0.0004
1.738  0.0009
1.769  0.0003
1.796  0.0003
1.819  0.0006
1.828  0.0002
1.858  0.0002
1.904  0.0029
1.981  0.0036
2.145  0.0004
2.176  0.0005
2.465  0.0060
2.515  0.0029
