79
0.113  0.0013
0.138  0.0149
0.192  0.0050
0.194  0.0033
0.212  0.0017
0.228  0.0151
0.325  0.0029
0.334  0.0009
0.364  0.0024
0.365  0.0019
0.369  0.0002
0.409  0.0466
0.422  0.0043
0.463  0.3080
0.517  0.0043
0.547  0.1080
0.576  0.0002
0.596  0.0003
0.684  0.0011
0.703  0.0008
0.718  0.0004
0.755  0.0003
0.766  0.0015
0.773  0.0023
0.782  0.0033
0.813  0.0006
0.842  0.0008
0.856  0.0002
0.872  0.0511
0.881  0.0011
0.935  0.0018
0.946  0.0003
0.953  0.0005
1.010  0.2980
1.041  0.0006
1.054  0.0016
1.147  0.0124
1.204  0.0040
1.265  0.0014
1.344  0.0114
1.359  0.0005
1.386  0.0008
1.416  0.0037
1.436  0.7630
1.445  0.0097
1.496  0.0018
1.555  0.0037
1.614  0.0014
1.717  0.0011
1.728  0.0011
1.749  0.0007
1.778  0.0014
1.807  0.0009
1.822  0.0004
1.903  0.0005
2.024  0.0012
2.062  0.0011
2.114  0.0002
2.211  0.0021
2.218  0.1520
2.487  0.0002
2.499  0.0017
2.583  0.0024
2.609  0.0003
2.640  0.0763
2.731  0.0012
2.807  0.0010
2.931  0.0002
3.050  0.0003
3.073  0.0002
3.339  0.0015
3.353  0.0004
3.367  0.0023
3.438  0.0001
3.443  0.0001
3.643  0.0002
3.652  0.0001
3.935  0.0002
4.080  0.0002
