231
0.004  0.0000
0.056  0.0075
0.076  0.0013
0.078  0.0091
0.094  0.0013
0.098  0.0037
0.108  0.0011
0.115  0.0097
0.121  0.1420
0.140  0.0089
0.141  0.2020
0.144  0.0031
0.145  0.0268
0.145  0.0024
0.147  0.0021
0.149  0.0009
0.159  0.0037
0.165  0.0041
0.172  0.0038
0.173  0.0013
0.175  0.0480
0.180  0.0017
0.182  0.0027
0.186  0.0151
0.193  0.0007
0.197  0.1260
0.198  0.0011
0.208  0.0016
0.209  0.0014
0.218  0.0030
0.221  0.0023
0.232  0.1070
0.242  0.0283
0.247  0.0068
0.247  0.0017
0.248  0.0071
0.251  0.1960
0.254  0.0021
0.270  0.0430
0.271  0.0133
0.273  0.0027
0.274  0.0091
0.280  0.0031
0.280  0.0390
0.283  0.0016
0.285  0.0273
0.291  0.0058
0.291  0.0098
0.295  0.0550
0.296  0.0011
0.298  0.0426
0.301  0.0021
0.314  0.0044
0.316  0.0267
0.318  0.0040
0.322  0.0036
0.326  0.0034
0.336  0.0026
0.342  0.0081
0.344  0.0016
0.348  0.0037
0.350  0.0071
0.352  0.0038
0.356  0.0101
0.356  0.0020
0.359  0.0036
0.360  0.0020
0.372  0.0099
0.378  0.0118
0.380  0.0034
0.385  0.0037
0.389  0.0036
0.390  0.0038
0.393  0.0620
0.414  0.0227
0.417  0.0135
0.429  0.0610
0.431  0.0031
0.434  0.0018
0.436  0.0033
0.439  0.0136
0.441  0.0196
0.444  0.0031
0.450  0.0099
0.463  0.0023
0.467  0.0090
0.467  0.0044
0.479  0.0026
0.488  0.0081
0.488  0.0138
0.490  0.0081
0.500  0.0037
0.503  0.0024
0.506  0.0017
0.508  0.0105
0.512  0.0045
0.526  0.0014
0.531  0.0036
0.534  0.0034
0.546  0.0011
0.551  0.0010
0.564  0.0055
0.565  0.0009
0.568  0.0028
0.575  0.0070
0.576  0.0020
0.586  0.0031
0.598  0.0027
0.608  0.0038
0.613  0.0018
0.617  0.0014
0.622  0.0030
0.635  0.0057
0.669  0.0027
0.672  0.0016
0.682  0.0018
0.683  0.0026
0.692  0.0141
0.702  0.0040
0.715  0.0026
0.723  0.0074
0.724  0.0118
0.734  0.0016
0.736  0.0034
0.743  0.0030
0.745  0.0017
0.751  0.0030
0.753  0.0088
0.759  0.0088
0.761  0.0009
0.764  0.0014
0.769  0.0021
0.773  0.0014
0.785  0.0062
0.789  0.0014
0.795  0.0045
0.802  0.0062
0.809  0.0041
0.814  0.0014
0.818  0.0026
0.822  0.0064
0.830  0.0006
0.834  0.0027
0.841  0.0027
0.842  0.0037
0.847  0.0054
0.852  0.0028
0.852  0.0007
0.867  0.0024
0.869  0.0060
0.869  0.0024
0.877  0.0023
0.880  0.0095
0.887  0.0050
0.895  0.0128
0.897  0.0031
0.915  0.0023
0.943  0.0030
0.949  0.0007
0.955  0.0014
0.974  0.0014
0.977  0.0031
0.981  0.0004
0.993  0.0036
1.002  0.0009
1.004  0.0014
1.013  0.0018
1.023  0.0013
1.040  0.0034
1.043  0.0024
1.049  0.0009
1.051  0.0033
1.052  0.0040
1.061  0.0016
1.065  0.0081
1.068  0.0080
1.069  0.0017
1.071  0.0121
1.077  0.0045
1.079  0.0053
1.089  0.0031
1.095  0.0128
1.097  0.0030
1.102  0.0011
1.105  0.0072
1.109  0.0041
1.128  0.0018
1.142  0.0007
1.149  0.0014
1.162  0.0031
1.175  0.0026
1.182  0.0009
1.184  0.0023
1.187  0.0038
1.195  0.0028
1.203  0.0016
1.207  0.0016
1.212  0.0026
1.214  0.0016
1.227  0.0007
1.232  0.0010
1.247  0.0014
1.254  0.0020
1.258  0.0009
1.283  0.0013
1.311  0.0011
1.321  0.0021
1.329  0.0007
1.337  0.0009
1.339  0.0020
1.341  0.0030
1.350  0.0028
1.385  0.0020
1.405  0.0010
1.427  0.0013
1.443  0.0031
1.454  0.0010
1.457  0.0013
1.482  0.0014
1.484  0.0031
1.490  0.0010
1.495  0.0017
1.503  0.0038
1.525  0.0007
1.643  0.0037
1.656  0.0009
1.773  0.0006
1.871  0.0011
1.920  0.0006
1.939  0.0009
2.045  0.0011
