118
0.046  0.0004
0.053  0.0113
0.064  0.0009
0.067  0.0026
0.082  0.0036
0.090  0.0055
0.092  0.0061
0.122  0.4700
0.128  0.0021
0.130  0.0720
0.143  0.0014
0.149  0.0016
0.186  0.0039
0.189  0.0025
0.193  0.0193
0.194  0.0270
0.200  0.0013
0.215  0.0010
0.234  0.0009
0.238  0.0023
0.262  0.0016
0.275  0.0066
0.277  0.0230
0.283  0.0031
0.297  0.0035
0.301  0.0008
0.310  0.0029
0.317  0.0014
0.324  0.0040
0.348  0.0035
0.355  0.0021
0.391  0.0007
0.393  0.0056
0.406  0.0210
0.408  0.0030
0.416  0.0080
0.421  0.0016
0.422  0.0013
0.427  0.0031
0.430  0.0029
0.448  0.0009
0.454  0.0560
0.473  0.0089
0.475  0.0011
0.476  0.0007
0.510  0.0034
0.536  0.1130
0.546  0.0031
0.571  0.0046
0.572  0.0030
0.576  0.0990
0.600  0.0330
0.603  0.0750
0.614  0.0570
0.619  0.0016
0.640  0.0390
0.658  0.0039
0.661  0.0036
0.672  0.0031
0.703  0.0043
0.707  0.0108
0.724  0.1740
0.730  0.0174
0.762  0.0099
0.782  0.0440
0.806  0.0027
0.814  0.0007
0.827  0.0024
0.831  0.0021
0.837  0.0012
0.858  0.0019
0.866  0.0034
0.884  0.0113
0.885  0.0089
0.929  0.0150
0.930  0.0160
0.939  0.0018
0.943  0.0136
0.954  0.0060
0.957  0.0103
0.968  0.0071
1.004  0.0026
1.006  0.0197
1.012  0.0440
1.025  0.0018
1.042  0.0044
1.051  0.0033
1.065  0.0380
1.073  0.0048
1.075  0.0015
1.079  0.0080
1.109  0.0024
1.181  0.0030
1.220  0.0017
1.311  0.0038
1.317  0.0017
1.397  0.0022
1.421  0.0032
1.548  0.0038
1.549  0.0020
1.573  0.0031
1.595  0.0028
1.597  0.0031
1.598  0.0009
1.629  0.0025
1.639  0.0035
1.666  0.0071
1.721  0.0024
1.724  0.0027
1.733  0.0042
1.743  0.0160
1.787  0.0120
1.791  0.0103
1.834  0.0008
1.835  0.0113
1.870  0.0014
1.873  0.0024
1.957  0.0085
