48
0.120  0.0510
0.178  0.0193
0.298  0.2140
0.333  0.0021
0.350  0.0016
0.441  0.0021
0.543  0.0006
0.561  0.0005
0.603  0.0007
0.618  0.0090
0.657  0.0021
0.686  0.0039
0.697  0.0011
0.748  0.0078
0.769  0.0016
0.806  0.0018
0.926  0.0033
0.945  0.0011
0.978  0.0007
0.984  0.0059
0.989  0.0059
1.027  0.4100
1.098  0.0067
1.205  0.4200
1.275  0.0059
1.286  0.0036
1.381  0.0039
1.404  0.0011
1.539  0.0026
1.619  0.0035
1.646  0.0670
1.659  0.0075
1.837  0.0013
1.879  0.0025
1.889  0.0017
1.899  0.0007
1.973  0.0006
2.000  0.0013
2.012  0.0420
2.177  0.0020
2.231  0.0010
2.484  0.0012
2.754  0.0074
2.920  0.0007
3.191  0.0008
3.204  0.0004
3.239  0.0006
3.365  0.0004
