113
0.013  0.0033
0.017  0.0340
0.029  0.0034
0.031  0.0003
0.034  0.0033
0.038  0.0099
0.046  0.0152
0.051  0.0109
0.064  0.0019
0.068  0.0343
0.071  0.0014
0.072  0.0135
0.079  0.0277
0.080  0.0025
0.084  0.0689
0.088  0.0000
0.090  0.0011
0.095  0.0001
0.101  0.0585
0.104  0.0026
0.106  0.0012
0.106  0.0007
0.115  0.0099
0.117  0.0222
0.123  0.0023
0.126  0.0016
0.130  0.0624
0.135  0.0007
0.152  0.1300
0.165  0.0172
0.168  0.0029
0.176  0.0014
0.176  0.0002
0.181  0.0858
0.185  0.0008
0.194  0.0014
0.194  0.0005
0.198  0.0002
0.216  0.0033
0.218  0.0018
0.245  0.0012
0.384  0.0004
0.414  0.0003
0.417  0.0017
0.425  0.0013
0.453  0.0009
0.455  0.0016
0.472  0.0008
0.482  0.0007
0.502  0.0007
0.506  0.0003
0.509  0.0009
0.527  0.0007
0.555  0.0039
0.566  0.0008
0.587  0.0007
0.603  0.0021
0.606  0.0140
0.614  0.0003
0.637  0.0029
0.646  0.0008
0.650  0.0027
0.662  0.0007
0.670  0.0017
0.677  0.0007
0.695  0.0007
0.699  0.0060
0.721  0.0216
0.726  0.0116
0.744  0.0118
0.755  0.0107
0.764  0.0015
0.771  0.0039
0.781  0.0151
0.783  0.0014
0.800  0.1066
0.805  0.0046
0.816  0.0010
0.828  0.0014
0.832  0.0127
0.839  0.0075
0.850  0.0520
0.855  0.0013
0.864  0.0185
0.866  0.0046
0.869  0.0057
0.875  0.0078
0.909  0.0182
0.944  0.0062
0.960  0.0036
0.970  0.0022
0.981  0.0018
0.981  0.0039
0.993  0.0026
0.999  0.0060
1.010  0.0004
1.019  0.0073
1.024  0.0020
1.050  0.0014
1.053  0.0049
1.061  0.0012
1.137  0.0018
1.154  0.0016
1.195  0.0003
1.284  0.0079
1.310  0.0010
1.321  0.0077
1.389  0.0025
1.418  0.0021
1.482  0.0007
1.510  0.0027
1.584  0.0007
1.584  0.0007
