59
0.005  0.0007
0.012  0.0003
0.086  0.0006
0.112  0.2050
0.117  0.0230
0.124  0.0910
0.176  0.0009
0.198  0.0003
0.210  0.0001
0.211  0.0064
0.237  0.0030
0.261  0.0001
0.277  0.0058
0.287  0.0001
0.296  0.2890
0.308  0.6400
0.363  0.0002
0.372  0.0026
0.420  0.0008
0.425  0.0002
0.488  0.0001
0.495  0.0000
0.507  0.0002
0.519  0.0002
0.548  0.0002
0.559  0.0005
0.574  0.0001
0.586  0.0000
0.609  0.0004
0.609  0.0002
0.621  0.0009
0.631  0.0001
0.671  0.0025
0.672  0.0002
0.676  0.0028
0.694  0.0001
0.706  0.0001
0.733  0.0010
0.784  0.0024
0.797  0.0064
0.860  0.0000
0.870  0.0006
0.872  0.0002
0.882  0.0004
0.908  0.0064
0.913  0.0008
0.966  0.0003
0.976  0.0000
0.994  0.0000
1.097  0.0000
1.109  0.0001
1.156  0.0000
1.168  0.0000
1.220  0.0000
1.271  0.0000
1.280  0.0000
1.284  0.0000
1.395  0.0000
1.401  0.0000
