48
0.119  0.0007
0.261  0.0045
0.273  0.0026
0.275  0.0104
0.359  0.0005
0.380  0.0015
0.393  0.0005
0.486  0.0008
0.507  0.0004
0.521  0.0003
0.534  0.0008
0.593  0.0009
0.620  0.0178
0.627  0.0004
0.631  0.0056
0.652  0.0298
0.653  0.0800
0.653  0.0037
0.661  0.0010
0.750  0.2370
0.761  0.0058
0.794  0.0006
0.821  0.0016
0.824  0.0007
0.880  0.0019
0.893  0.0007
0.901  0.0009
0.926  0.0385
0.974  0.0004
0.992  0.0004
1.024  0.3350
1.055  0.0022
1.141  0.0013
1.281  0.0093
1.305  0.0002
1.327  0.0004
1.353  0.0002
1.413  0.0098
1.474  0.0017
1.486  0.0001
1.546  0.0007
1.554  0.0002
1.627  0.0001
1.646  0.0000
1.651  0.0029
1.724  0.0016
2.016  0.0000
2.412  0.0000
