61
0.157  0.0009
0.174  0.0018
0.351  0.0016
0.354  0.0190
0.450  0.0008
0.462  0.0059
0.497  0.0018
0.504  0.0042
0.545  0.0300
0.614  0.5400
0.637  0.0021
0.658  0.0027
0.686  0.0092
0.688  0.0065
0.695  0.1670
0.722  0.0015
0.757  0.0009
0.828  0.0810
0.843  0.0108
0.885  0.0046
0.889  0.0210
0.904  0.0008
0.959  0.0046
0.968  0.0016
0.988  0.0009
1.005  0.0032
1.019  0.0014
1.080  0.0162
1.145  0.0167
1.169  0.0012
1.199  0.0070
1.228  0.0011
1.240  0.0590
1.291  0.0010
1.309  0.1300
1.339  0.0039
1.373  0.0480
1.381  0.0076
1.441  0.0032
1.530  0.0250
1.642  0.0016
1.713  0.0178
1.721  0.0032
1.737  0.0011
1.792  0.0097
1.836  0.0146
1.894  0.0029
1.921  0.0081
1.923  0.0076
1.996  0.0135
2.064  0.0011
2.068  0.0070
2.188  0.0036
2.225  0.0092
2.327  0.0011
2.616  0.0070
2.681  0.0194
2.759  0.0011
2.798  0.0021
2.839  0.0005
3.098  0.0007
