160
0.106  0.0014
0.174  0.0009
0.178  0.0019
0.298  0.0005
0.318  0.0005
0.332  0.0005
0.340  0.0009
0.342  0.0005
0.350  0.0002
0.355  0.0002
0.361  0.0009
0.367  0.0014
0.394  0.0019
0.420  0.0024
0.433  0.0038
0.439  0.0005
0.454  0.0009
0.515  0.0014
0.529  0.0005
0.532  0.0014
0.538  0.0005
0.546  0.0002
0.571  0.0005
0.578  0.0133
0.641  0.4740
0.646  0.0014
0.677  0.0005
0.681  0.0005
0.692  0.0009
0.793  0.0005
0.862  0.0166
0.878  0.0019
0.895  0.0834
0.916  0.0005
0.947  0.0009
0.962  0.0038
0.990  0.0009
1.007  0.0024
1.011  0.0393
1.021  0.0002
1.044  0.0270
1.058  0.0009
1.069  0.0009
1.072  0.0009
1.090  0.0014
1.091  0.0009
1.105  0.0005
1.113  0.0005
1.118  0.0002
1.121  0.0005
1.131  0.0047
1.160  0.0171
1.176  0.0014
1.191  0.0038
1.206  0.0005
1.214  0.0005
1.231  0.0005
1.233  0.0190
1.242  0.0024
1.265  0.0009
1.280  0.0002
1.283  0.0002
1.288  0.0002
1.323  0.0033
1.349  0.0002
1.353  0.0009
1.363  0.0213
1.373  0.0005
1.389  0.0043
1.393  0.0014
1.402  0.0014
1.446  0.0014
1.455  0.0009
1.461  0.0095
1.494  0.0014
1.500  0.0009
1.516  0.0043
1.525  0.0047
1.540  0.0047
1.546  0.0299
1.618  0.0028
1.629  0.0002
1.644  0.0024
1.689  0.0024
1.723  0.0152
1.756  0.0270
1.768  0.0024
1.771  0.0019
1.794  0.0002
1.846  0.0005
1.887  0.0014
1.901  0.0716
1.923  0.0019
1.934  0.0014
1.949  0.0038
1.962  0.0014
2.004  0.0090
2.014  0.0009
2.026  0.0100
2.039  0.0095
2.051  0.0047
2.055  0.0218
2.076  0.0081
2.086  0.0038
2.097  0.0005
2.100  0.0104
2.112  0.0002
2.126  0.0033
2.139  0.0052
2.152  0.0014
2.160  0.0002
2.181  0.0052
2.187  0.0370
2.347  0.0005
2.358  0.0057
2.364  0.0043
2.379  0.0014
2.398  0.1330
2.420  0.0019
2.460  0.0047
2.513  0.0009
2.523  0.0002
2.539  0.0038
2.543  0.1000
2.591  0.0014
2.663  0.0071
2.667  0.0180
2.673  0.0019
2.782  0.0033
2.801  0.0076
2.819  0.0076
2.829  0.0028
2.971  0.0313
2.992  0.0009
3.000  0.0024
3.007  0.0009
3.011  0.0014
3.034  0.0052
3.047  0.0043
3.061  0.0009
3.062  0.0009
3.076  0.0019
3.102  0.0014
3.122  0.0019
3.154  0.0019
3.165  0.0009
3.180  0.0028
3.210  0.0009
3.242  0.0019
3.273  0.0014
3.314  0.0095
3.334  0.0009
3.402  0.0033
3.459  0.0024
3.470  0.0009
3.612  0.0090
3.633  0.0100
3.719  0.0028
3.850  0.0024
3.976  0.0002
