44
0.029  0.0001
0.039  0.0001
0.060  0.0269
0.063  0.0021
0.068  0.0329
0.075  0.0012
0.080  0.0000
0.083  0.0000
0.089  0.0000
0.114  0.0000
0.119  0.0000
0.128  0.0213
0.135  0.0001
0.146  0.0000
0.164  0.0067
0.167  0.0001
0.177  0.0000
0.180  0.0000
0.187  0.0000
0.203  0.0103
0.206  0.0000
0.240  0.0000
0.240  0.0001
0.295  0.0000
0.300  0.0002
0.307  0.0001
0.345  0.0063
0.370  0.0000
0.384  0.0235
0.407  0.4210
0.417  0.0001
0.446  0.0296
0.464  0.0000
0.473  0.0003
0.475  0.0104
0.480  0.0001
0.496  0.0000
0.526  0.0000
0.535  0.0029
0.548  0.0000
0.610  0.4420
0.714  0.0000
0.735  0.0000
0.797  0.0001
