42
0.045  0.0000
0.088  0.0367
0.104  0.0000
0.114  0.0000
0.134  0.0000
0.145  0.0000
0.162  0.0000
0.282  0.0000
0.287  0.0000
0.309  0.0000
0.311  0.0003
0.327  0.0000
0.391  0.0000
0.396  0.0000
0.402  0.0000
0.413  0.0001
0.415  0.0001
0.424  0.0000
0.447  0.0000
0.454  0.0000
0.497  0.0000
0.501  0.0000
0.551  0.0000
0.558  0.0000
0.564  0.0000
0.601  0.0000
0.603  0.0001
0.609  0.0000
0.636  0.0001
0.647  0.0003
0.702  0.0000
0.707  0.0000
0.724  0.0000
0.737  0.0000
0.778  0.0000
0.781  0.0001
0.788  0.0000
0.823  0.0000
0.863  0.0000
0.869  0.0000
0.966  0.0000
1.011  0.0000
