77
0.109  0.0006
0.141  0.0003
0.150  0.6880
0.151  0.0017
0.222  0.0003
0.275  0.0000
0.278  0.0010
0.280  0.0002
0.295  0.0000
0.297  0.0001
0.297  0.0004
0.300  0.0004
0.343  0.0070
0.351  0.0002
0.354  0.0002
0.384  0.0089
0.402  0.0001
0.403  0.0001
0.421  0.0004
0.438  0.0001
0.452  0.1820
0.470  0.0001
0.493  0.0483
0.495  0.0008
0.496  0.0003
0.545  0.0043
0.550  0.0003
0.567  0.0010
0.575  0.0003
0.602  0.0419
0.606  0.0012
0.654  0.0153
0.696  0.0018
0.703  0.0001
0.727  0.0047
0.744  0.0001
0.806  0.0001
0.825  0.0003
0.842  0.0020
0.852  0.0004
0.854  0.0010
0.856  0.0013
0.881  0.0003
0.899  0.0014
0.934  0.0087
0.949  0.0226
0.951  0.0033
0.997  0.0334
0.999  0.0003
1.006  0.0001
1.008  0.0080
1.036  0.0000
1.067  0.0001
1.098  0.0017
1.147  0.0495
1.149  0.0011
1.149  0.0006
1.156  0.0000
1.185  0.0001
1.198  0.0001
1.265  0.0000
1.277  0.0012
1.294  0.0048
1.298  0.0000
1.308  0.0001
1.351  0.0006
1.427  0.0010
1.501  0.0011
1.528  0.0006
1.548  0.0000
1.580  0.0001
1.651  0.0001
1.801  0.0000
1.891  0.0000
1.924  0.0000
2.041  0.0001
2.073  0.0001
