104
0.113  0.0007
0.132  0.0290
0.213  0.0440
0.229  0.1800
0.236  0.0080
0.244  0.0040
0.247  0.0018
0.276  0.0007
0.303  0.0070
0.326  0.0200
0.360  0.0033
0.372  0.0210
0.389  0.0047
0.416  0.0023
0.420  0.0013
0.473  0.0400
0.507  0.0150
0.548  0.0027
0.585  0.0015
0.602  0.0009
0.639  0.0009
0.649  0.0300
0.653  0.0004
0.671  0.0014
0.698  0.0220
0.717  0.0007
0.733  0.0005
0.752  0.0012
0.766  0.0006
0.777  0.0050
0.829  0.0015
0.839  0.0005
0.844  0.0004
0.851  0.0014
0.863  0.0013
0.897  0.0009
0.932  0.0017
0.956  0.0004
0.963  0.0054
0.997  0.0016
1.000  0.0006
1.022  0.0008
1.030  0.0013
1.088  0.0006
1.092  0.0017
1.126  0.0023
1.151  0.0023
1.193  0.0005
1.223  0.0012
1.257  0.0013
1.317  0.0009
1.337  0.0005
1.358  0.0011
1.379  0.0060
1.395  0.0017
1.407  0.0022
1.436  0.0009
1.464  0.0048
1.485  0.0013
1.507  0.0120
1.535  0.0006
1.565  0.0004
1.595  0.0006
1.606  0.0026
1.641  0.0060
1.648  0.0030
1.663  0.0008
1.665  0.0012
1.683  0.0003
1.711  0.0020
1.753  0.0009
1.767  0.0009
1.795  0.0032
1.807  0.0003
1.823  0.0004
1.842  0.0180
1.884  0.0034
1.911  0.0028
1.927  0.0130
1.980  0.0006
2.023  0.0010
2.096  0.0002
2.113  0.0120
2.156  0.0280
2.173  0.0003
2.184  0.0004
2.187  0.0001
2.208  0.0001
2.257  0.0002
2.265  0.0002
2.314  0.0004
2.340  0.0007
2.384  0.0022
2.430  0.0002
2.451  0.0008
2.486  0.0008
2.494  0.0013
2.527  0.0009
2.569  0.0005
2.636  0.0001
2.659  0.0007
2.681  0.0001
2.714  0.0001
2.906  0.0006
