165
0.006  0.0054
0.009  0.0218
0.016  0.0000
0.081  0.0373
0.116  0.0003
0.192  0.1821
0.196  0.0277
0.212  0.0046
0.222  0.0010
0.275  0.0009
0.318  0.0023
0.328  0.0021
0.334  0.0071
0.348  0.0010
0.353  0.0014
0.358  0.0004
0.368  0.0010
0.370  0.0012
0.372  0.0015
0.378  0.0016
0.379  0.0031
0.381  0.0032
0.399  0.0086
0.409  0.0153
0.422  0.0054
0.442  0.0005
0.449  0.0067
0.453  0.0008
0.491  0.0007
0.497  0.0015
0.500  0.0139
0.505  0.0036
0.506  0.1160
0.510  0.0025
0.513  0.0140
0.514  0.0081
0.515  0.0081
0.524  0.0016
0.534  0.0040
0.540  0.0009
0.560  0.0007
0.567  0.0082
0.572  0.0018
0.583  0.0008
0.590  0.1920
0.590  0.0111
0.603  0.0009
0.607  0.0007
0.608  0.0102
0.612  0.0013
0.625  0.0009
0.643  0.0121
0.651  0.0003
0.653  0.0003
0.661  0.0022
0.676  0.0005
0.686  0.0007
0.696  0.0666
0.702  0.0036
0.708  0.0006
0.713  0.0333
0.728  0.0010
0.733  0.0027
0.737  0.0004
0.740  0.0030
0.776  0.0010
0.778  0.0097
0.798  0.0007
0.804  0.0096
0.815  0.0019
0.847  0.0008
0.859  0.0012
0.870  0.0029
0.871  0.0171
0.877  0.0322
0.883  0.0065
0.887  0.0019
0.889  0.0024
0.894  0.0006
0.896  0.0017
0.904  0.0022
0.933  0.0060
0.934  0.0410
0.944  0.0011
0.988  0.0018
1.007  0.0017
1.011  0.0089
1.012  0.1300
1.019  0.0073
1.020  0.0039
1.030  0.0007
1.050  0.0035
1.065  0.0028
1.066  0.0016
1.161  0.0402
1.169  0.0022
1.184  0.0018
1.187  0.0101
1.200  0.0180
1.210  0.0013
1.218  0.0006
1.249  0.0023
1.251  0.0472
1.260  0.0015
1.291  0.0011
1.293  0.0021
1.304  0.0271
1.308  0.0009
1.311  0.0003
1.314  0.0021
1.326  0.0028
1.336  0.0015
1.346  0.0094
1.351  0.0005
1.356  0.0169
1.378  0.0024
1.380  0.0011
1.383  0.0113
1.388  0.0007
1.395  0.0062
1.414  0.0050
1.419  0.0089
1.432  0.0036
1.435  0.0008
1.441  0.0015
1.451  0.0006
1.486  0.0010
1.507  0.0005
1.514  0.0018
1.518  0.0022
1.520  0.0023
1.523  0.0028
1.527  0.0010
1.530  0.0015
1.532  0.0614
1.549  0.0015
1.583  0.0008
1.590  0.0027
1.595  0.0002
1.599  0.0175
1.605  0.0004
1.609  0.0009
1.615  0.0006
1.629  0.0005
1.646  0.0008
1.653  0.0008
1.662  0.0070
1.674  0.0168
1.713  0.0020
1.722  0.0003
1.755  0.0037
1.760  0.0101
1.768  0.0014
1.840  0.0140
1.882  0.0009
1.888  0.0004
1.921  0.0005
1.942  0.0006
1.947  0.0008
2.024  0.0007
2.032  0.0659
2.038  0.0021
2.041  0.0215
2.047  0.0009
2.114  0.0058
