48
0.504  0.0021
0.632  0.0160
0.909  0.0430
0.970  0.1490
0.989  0.0027
1.053  0.0050
1.068  0.0044
1.078  0.0032
1.115  0.0025
1.136  0.0200
1.141  0.5600
1.174  0.0031
1.229  0.0170
1.251  0.0031
1.252  0.0170
1.327  0.0058
1.331  0.0032
1.490  0.0043
1.495  0.0110
1.571  0.0260
1.594  0.0110
1.601  0.0140
1.643  0.0037
1.687  0.0220
1.745  0.0074
2.105  0.0200
2.111  0.0310
2.204  0.0220
2.370  0.0190
2.636  0.0110
2.719  0.0063
2.745  0.0095
2.776  0.0038
2.823  0.0100
3.247  0.0320
3.345  0.2160
3.435  0.0029
3.504  0.0049
3.818  0.0035
3.887  0.0470
3.964  0.0240
4.241  0.0150
4.257  0.0033
4.303  0.0250
4.331  0.0013
4.656  0.0021
4.699  0.0010
4.797  0.0013
