40
0.023  0.0005
0.073  0.0000
0.208  0.0000
0.242  0.0000
0.255  0.0001
0.263  0.0001
0.277  0.0003
0.281  0.0001
0.286  0.0310
0.305  0.0000
0.324  0.0000
0.328  0.0000
0.350  0.0000
0.351  0.0000
0.353  0.0000
0.360  0.0000
0.506  0.0000
0.529  0.0000
0.532  0.0000
0.536  0.0001
0.544  0.0000
0.547  0.0000
0.550  0.0000
0.553  0.0000
0.558  0.0002
0.568  0.0002
0.591  0.0007
0.614  0.0001
0.637  0.0001
0.664  0.0000
0.785  0.0000
0.808  0.0002
0.813  0.0000
0.831  0.0003
0.833  0.0003
0.836  0.0000
0.859  0.0011
0.882  0.0002
0.930  0.0000
0.953  0.0000
