47
0.013  0.2100
0.044  0.2100
0.081  0.0021
0.114  0.0042
0.119  0.0290
0.158  0.0670
0.165  0.0004
0.181  0.0180
0.186  0.0055
0.217  0.0025
0.224  0.0015
0.233  0.0100
0.237  0.0032
0.238  0.0004
0.276  0.2100
0.280  0.0071
0.284  0.0069
0.290  0.0210
0.294  0.0042
0.294  0.0110
0.305  0.0019
0.338  0.0004
0.352  0.0050
0.356  0.0017
0.374  0.0008
0.398  0.0029
0.399  0.0059
0.423  0.0011
0.441  0.0460
0.455  0.0036
0.459  0.0040
0.466  0.0380
0.480  0.0400
0.508  0.0080
0.560  0.0069
0.626  0.0019
0.640  0.0017
0.683  0.0067
0.740  0.0036
0.754  0.0017
0.783  0.0160
0.797  0.0150
0.811  0.0050
0.841  0.0029
0.854  0.0100
1.042  0.0080
1.086  0.0025
