45
0.076  0.1250
0.117  0.1380
0.174  0.5200
0.223  0.0100
0.267  0.1330
0.371  0.0060
0.377  0.0090
0.380  0.0060
0.494  0.0030
0.503  0.0030
0.518  0.0090
0.525  0.0100
0.626  0.0060
0.685  0.0210
0.691  0.0560
0.728  0.0090
0.750  0.0210
0.757  0.0210
0.771  0.0260
0.800  0.0360
0.804  0.0110
0.827  0.0060
0.832  0.0120
0.860  0.0110
0.880  0.1040
0.894  0.0840
0.934  0.1230
0.992  0.0030
1.034  0.0140
1.148  0.2050
1.259  0.1260
1.361  0.0180
1.375  0.0230
1.382  0.0570
1.434  0.0840
1.509  0.0280
1.517  0.0740
1.556  0.0040
2.270  0.0070
2.276  0.0070
2.360  0.0100
2.367  0.0080
2.407  0.0100
2.443  0.0240
2.450  0.0270
