84
0.021  0.0010
0.046  0.0007
0.049  0.0018
0.066  0.0130
0.096  0.0350
0.123  0.0018
0.239  0.0028
0.239  0.0028
0.253  0.0019
0.262  0.0014
0.286  0.0145
0.310  0.0127
0.314  0.0012
0.331  0.0113
0.354  0.0020
0.359  0.0013
0.363  0.0105
0.376  0.0020
0.376  0.0020
0.388  0.0014
0.393  0.0028
0.397  0.0048
0.416  0.0065
0.424  0.0018
0.429  0.0013
0.433  0.2500
0.437  0.0028
0.437  0.0028
0.445  0.0100
0.454  0.1950
0.473  0.0030
0.510  0.0035
0.525  0.0170
0.539  0.0108
0.551  0.0033
0.620  0.0028
0.645  0.0025
0.653  0.0028
0.659  0.0025
0.663  0.0150
0.673  0.0020
0.675  0.0075
0.685  0.0068
0.685  0.0068
0.694  0.0033
0.694  0.0033
0.705  0.0038
0.707  0.0050
0.709  0.0028
0.730  0.0068
0.741  0.0013
0.747  0.0050
0.773  0.0045
0.835  0.0033
0.841  0.0023
0.841  0.0023
0.844  0.0020
0.863  0.0035
0.878  0.0018
0.884  0.0014
0.884  0.0014
0.884  0.0014
0.905  0.0014
0.940  0.0019
0.944  0.0048
1.002  0.0030
1.051  0.0033
1.073  0.0025
1.073  0.0025
1.098  0.0018
1.127  0.0023
1.376  0.0023
1.408  0.0025
1.546  0.0028
1.568  0.0020
1.605  0.0083
1.627  0.0028
1.631  0.0048
1.643  0.0098
1.652  0.0013
1.664  0.0040
1.686  0.0095
1.694  0.0043
1.708  0.0025
