173
0.119  0.0000
0.122  0.2853
0.126  0.0001
0.138  0.0000
0.148  0.0002
0.150  0.0000
0.172  0.0000
0.175  0.0000
0.193  0.0001
0.195  0.0000
0.207  0.0000
0.208  0.0001
0.209  0.0000
0.209  0.0000
0.210  0.0000
0.211  0.0000
0.212  0.0002
0.237  0.0001
0.239  0.0000
0.241  0.0000
0.245  0.0755
0.252  0.0007
0.270  0.0001
0.271  0.0007
0.272  0.0000
0.275  0.0003
0.286  0.0001
0.287  0.0000
0.287  0.0000
0.296  0.0044
0.315  0.0004
0.316  0.0001
0.320  0.0000
0.325  0.0007
0.325  0.0000
0.329  0.0000
0.329  0.0012
0.331  0.0001
0.340  0.0003
0.344  0.2659
0.346  0.0001
0.349  0.0000
0.352  0.0001
0.354  0.0000
0.357  0.0001
0.358  0.0000
0.368  0.0086
0.378  0.0000
0.386  0.0001
0.388  0.0000
0.391  0.0000
0.398  0.0000
0.401  0.0000
0.411  0.0224
0.416  0.0011
0.423  0.0000
0.441  0.0001
0.444  0.0283
0.444  0.0030
0.464  0.0000
0.476  0.0000
0.482  0.0002
0.482  0.0000
0.489  0.0041
0.494  0.0003
0.494  0.0001
0.496  0.0001
0.497  0.0001
0.503  0.0015
0.511  0.0005
0.515  0.0000
0.520  0.0005
0.523  0.0002
0.527  0.0001
0.527  0.0000
0.534  0.0004
0.535  0.0000
0.538  0.0000
0.556  0.0002
0.558  0.0000
0.561  0.0000
0.563  0.0002
0.563  0.0000
0.564  0.0049
0.566  0.0013
0.572  0.0000
0.586  0.0046
0.589  0.0000
0.590  0.0000
0.608  0.0000
0.609  0.0000
0.616  0.0001
0.644  0.0001
0.656  0.0014
0.665  0.0001
0.671  0.0002
0.675  0.0017
0.675  0.0002
0.679  0.0047
0.683  0.0000
0.687  0.0002
0.689  0.0086
0.703  0.0000
0.704  0.0000
0.707  0.0000
0.713  0.0010
0.719  0.0025
0.719  0.0009
0.728  0.0001
0.734  0.0000
0.735  0.0000
0.756  0.0000
0.765  0.0019
0.766  0.0000
0.769  0.0008
0.779  0.1293
0.795  0.0003
0.802  0.0000
0.806  0.0002
0.810  0.0032
0.813  0.0000
0.839  0.0002
0.842  0.0017
0.850  0.0000
0.855  0.0000
0.867  0.0423
0.901  0.0009
0.906  0.0001
0.919  0.0042
0.920  0.0001
0.926  0.0027
0.931  0.0007
0.937  0.0000
0.947  0.0000
0.959  0.0002
0.961  0.0001
0.963  0.0014
0.964  0.1451
0.969  0.0001
0.970  0.0000
0.974  0.0001
0.990  0.0003
1.005  0.0066
1.050  0.0000
1.084  0.0001
1.086  0.1011
1.090  0.0173
1.109  0.0019
1.112  0.1367
1.171  0.0004
1.206  0.0001
1.213  0.0142
1.246  0.0000
1.250  0.0019
1.261  0.0003
1.293  0.0010
1.299  0.0163
1.315  0.0000
1.316  0.0000
1.318  0.0000
1.348  0.0002
1.364  0.0003
1.391  0.0000
1.408  0.2087
1.455  0.0000
1.458  0.0050
1.491  0.0000
1.528  0.0028
1.606  0.0001
1.608  0.0001
1.635  0.0000
1.647  0.0001
1.769  0.0001
