60
0.057  0.0002
0.058  0.0067
0.129  0.1140
0.193  0.0190
0.265  0.0041
0.266  0.0026
0.323  0.0040
0.333  0.0031
0.339  0.0011
0.376  0.0066
0.501  0.0007
0.548  0.0034
0.553  0.0050
0.582  0.0189
0.587  0.0089
0.599  0.0197
0.653  0.0260
0.663  0.0340
0.677  0.0700
0.693  0.0260
0.707  0.0186
0.711  0.0270
0.711  0.1410
0.728  0.0750
0.735  0.0620
0.745  0.0170
0.754  0.0050
0.766  0.0047
0.792  0.0210
0.812  0.0078
0.832  0.0042
0.836  0.0135
0.847  0.0067
0.864  0.0031
0.899  0.0092
0.958  0.0074
0.972  0.0171
0.976  0.0093
1.002  0.0154
1.004  0.0128
1.025  0.0083
1.034  0.0034
1.087  0.0034
1.095  0.0210
1.101  0.0161
1.112  0.0075
1.129  0.0250
1.155  0.0176
1.163  0.0280
1.219  0.0054
1.223  0.0161
1.237  0.0122
1.270  0.0123
1.275  0.0055
1.294  0.0143
1.465  0.0014
1.710  0.0180
1.839  0.0036
1.858  0.0092
1.948  0.0165
