95
0.091  0.0320
0.142  0.0430
0.205  0.0062
0.279  0.0031
0.421  0.0184
0.438  0.0138
0.465  0.2420
0.516  0.2150
0.571  0.0037
0.580  0.0024
0.580  0.0012
0.607  0.0353
0.671  0.0148
0.697  0.0034
0.723  0.0069
0.825  0.0024
0.883  0.0016
0.902  0.0061
0.918  0.0106
0.949  0.0104
0.953  0.0119
0.957  0.0106
1.009  0.0092
1.025  0.0046
1.040  0.0220
1.040  0.0048
1.052  0.0032
1.092  0.0460
1.104  0.0128
1.187  0.1280
1.212  0.0018
1.300  0.0027
1.300  0.0027
1.326  0.0092
1.383  0.0042
1.463  0.0550
1.533  0.0017
1.554  0.0021
1.585  0.0044
1.605  0.0370
1.624  0.0430
1.640  0.0048
1.816  0.0018
1.865  0.0061
1.884  0.0293
1.906  0.0017
1.923  0.0022
1.954  0.0044
1.971  0.0029
1.997  0.0390
2.049  0.0177
2.070  0.0097
2.140  0.0700
2.166  0.0106
2.167  0.0012
2.253  0.0189
2.258  0.0145
2.288  0.0123
2.311  0.0031
2.315  0.0080
2.388  0.0034
2.430  0.0114
2.500  0.0039
2.534  0.0039
2.561  0.0022
2.598  0.0077
2.682  0.0073
2.703  0.0087
2.732  0.0032
2.741  0.0053
2.775  0.0126
2.803  0.0038
2.825  0.0194
2.836  0.0073
2.869  0.0133
2.976  0.0024
3.012  0.0020
3.090  0.0019
3.168  0.0206
3.205  0.0063
3.287  0.0018
3.304  0.0016
3.319  0.0050
3.352  0.0150
3.367  0.0020
3.376  0.0043
3.428  0.0032
3.446  0.0025
3.598  0.0044
3.619  0.0032
3.668  0.0056
3.803  0.0009
3.892  0.0036
3.897  0.0032
4.184  0.0014
